0 0.1911262796875 0.09319681333333334 0.184300340625 0.110671216 0.177474403125 0.110671216 0.1569965875 0.13397042133333334 0.1569965875 0.16309442666666665 0.2320819109375 0.25629124000000003 0.24232081875000003 0.25629124000000003 0.29692832812500003 0.18056882933333335 0.29692832812500003 0.14562002400000001 0.28327645 0.12232081866666666 0.2491467578125 0.04077360533333333 0.20477815625 0.017474402666666666 0.1467576796875 0 0.1467576796875 0.029124005333333335 0.1569965875 0.03494880533333333 0.163822525 0.058248008 0.1911262796875 0.09319681333333334
0 0.7918088734375 0.9494425493333333 0.8088737203124999 0.966916952 0.819112628125 0.9552673493333333 0.8464163828125001 0.8504209333333334 0.8430034125000001 0.8329465306666666 0.8327645046875001 0.8212969280000001 0.8088737203124999 0.815472128 0.79522184375 0.8038225253333333 0.7781569968750001 0.8038225253333333 0.76450511875 0.7921729226666666 0.744027303125 0.7921729226666666 0.703071671875 0.8445961306666666 0.703071671875 0.867895336 0.7201365187500001 0.9086689413333333 0.7918088734375 0.9494425493333333
0 0.43344709843749996 0.9552673493333333 0.45051194531250005 0.8562457333333333 0.45051194531250005 0.8271217280000001 0.4402730375 0.7863481226666666 0.4300341296875 0.7688737200000001 0.34812286718749996 0.7688737200000001 0.3310580203125 0.8271217280000001 0.34470989687500003 0.9494425493333333 0.43344709843749996 0.9552673493333333
0 0.6518771328125 0.9494425493333333 0.655290103125 0.7863481226666666 0.6450511953125 0.7688737200000001 0.5460750859375 0.76304892 0.5290102390625 0.7805233226666666 0.5290102390625 0.9436177466666666 0.5358361781250001 0.9552673493333333 0.6518771328125 0.9494425493333333
0 0.21160409531250002 0.972741752 0.24573378906249999 0.9610921493333333 0.2696245734375 0.9086689413333333 0.2696245734375 0.8504209333333334 0.24573378906249999 0.815472128 0.24573378906249999 0.76304892 0.22866894218749997 0.7455745173333334 0.1706484640625 0.7513993173333333 0.1569965875 0.7746985200000001 0.1706484640625 0.914493744 0.21160409531250002 0.972741752
0 0.143344709375 0.6407281013333334 0.1535836171875 0.6523777013333333 0.16040955625 0.7048009093333334 0.1911262796875 0.710625712 0.2696245734375 0.6815017066666667 0.28327645 0.611604096 0.221843003125 0.5999544933333333 0.1569965875 0.617428896 0.143344709375 0.6407281013333334
0 0.8464163828125001 0.6873265066666666 0.8498293515625001 0.6232536986666667 0.8088737203124999 0.5883048906666667 0.7781569968750001 0.5766552906666667 0.740614334375 0.5766552906666667 0.7235494874999999 0.5883048906666667 0.7064846421875 0.5883048906666667 0.6962457343749999 0.6057792933333334 0.703071671875 0.6756769066666667 0.7747440265625001 0.76304892 0.8464163828125001 0.6873265066666666
0 0.542662115625 0.664027304 0.539249146875 0.6989761093333333 0.5494880546875 0.7222753120000001 0.617747440625 0.7572241173333334 0.6450511953125 0.6931513093333334 0.6484641640625 0.559180888 0.6348122859374999 0.5475312853333333 0.576791809375 0.5475312853333333 0.5733788390625 0.5999544933333333 0.576791809375 0.611604096 0.542662115625 0.664027304
0 0.4300341296875 0.7339249146666667 0.45733788437499995 0.6931513093333334 0.4539249140625 0.658202504 0.48122866875000003 0.6465529013333333 0.45733788437499995 0.5883048906666667 0.43344709843749996 0.5883048906666667 0.4300341296875 0.5533560853333334 0.37542662187500003 0.5475312853333333 0.358361775 0.5883048906666667 0.3276450515625 0.5999544933333333 0.31740614375 0.6523777013333333 0.34812286718749996 0.658202504 0.36177474374999996 0.7339249146666667 0.4300341296875 0.7339249146666667
0 0.5085324234375 0.46598407199999997 0.576791809375 0.5125824800000001 0.5904436859375 0.5125824800000001 0.6313993171875001 0.460159272 0.6348122859374999 0.33783845333333334 0.6279863484375 0.3203640506666667 0.5631399312500001 0.29124004533333336 0.5460750859375 0.29124004533333336 0.5051194546875 0.314539248 0.498293515625 0.32618885066666664 0.501706484375 0.454334472 0.5085324234375 0.46598407199999997
0 0.1501706484375 0.33783845333333334 0.1467576796875 0.3436632533333333 0.1467576796875 0.3902616613333333 0.1501706484375 0.3960864613333333 0.1501706484375 0.460159272 0.16040955625 0.4834584746666667 0.1740614328125 0.4892832773333334 0.19453924843749998 0.5125824800000001 0.2013651875 0.5125824800000001 0.221843003125 0.5358816826666667 0.2491467578125 0.5125824800000001 0.259385665625 0.4951080773333333 0.2696245734375 0.4892832773333334 0.3071672359375 0.4426848693333333 0.3105802046875 0.3203640506666667 0.3071672359375 0.314539248 0.24573378906249999 0.27959044266666666 0.2320819109375 0.27959044266666666 0.1501706484375 0.33783845333333334
0 0.699658703125 0.4776336746666667 0.737201365625 0.5242320826666667 0.7508532421874999 0.5125824800000001 0.76109215 0.4776336746666667 0.7883959046875 0.41938566666666666 0.8054607515625 0.314539248 0.8054607515625 0.27959044266666666 0.7747440265625001 0.25629124000000003 0.75767918125 0.25629124000000003 0.6894197953125001 0.3494880533333333 0.699658703125 0.4776336746666667
0 0.699658703125 0.21551763466666668 0.7269624578125 0.19804323199999999 0.7474402734375001 0.19804323199999999 0.815699659375 0.22716723466666666 0.83959044375 0.22716723466666666 0.8464163828125001 0.21551763466666668 0.8566552906249999 0.06407281066666667 0.8464163828125001 0.052423208 0.7235494874999999 0.023299202666666668 0.703071671875 0.06989761066666667 0.6723549484375 0.07572241066666667 0.6655290109374999 0.08737201333333333 0.6655290109374999 0.110671216 0.6860068265625 0.19221842933333336 0.699658703125 0.21551763466666668
0 0.5153583625 0.029124005333333335 0.5085324234375 0.06407281066666667 0.49146757656249995 0.08154721333333333 0.49146757656249995 0.104846416 0.48122866875000003 0.104846416 0.4744027296875 0.11649601866666666 0.4675767921875 0.18639362933333334 0.49146757656249995 0.209692832 0.5529010234375 0.24464163733333333 0.5699658703125 0.24464163733333333 0.597269625 0.16309442666666665 0.6484641640625 0.09319681333333334 0.6484641640625 0.06407281066666667 0.641638225 0.052423208 0.576791809375 0.017474402666666666 0.5153583625 0.029124005333333335
0 0.3276450515625 0.13397042133333334 0.3208191125 0.151444824 0.3208191125 0.19221842933333336 0.3651877140625 0.26211604 0.37542662187500003 0.26211604 0.44368600625 0.18639362933333334 0.44368600625 0.151444824 0.416382253125 0.12232081866666666 0.43344709843749996 0.08154721333333333 0.43344709843749996 0.058248008 0.44709897656250003 0.046598407999999994 0.44709897656250003 0.011649602666666667 0.4402730375 0 0.3549488046875 0.023299202666666668 0.3344709890625 0.07572241066666667 0.3276450515625 0.13397042133333334
0 0.3344709890625 0.33201365066666666 0.337883959375 0.4485096693333333 0.37542662187500003 0.5242320826666667 0.382252559375 0.5242320826666667 0.43686006875 0.454334472 0.44709897656250003 0.36696245866666666 0.44368600625 0.314539248 0.40614334531249996 0.33783845333333334 0.39931740625 0.32618885066666664 0.40614334531249996 0.29124004533333336 0.3344709890625 0.33201365066666666
0 0.7747440265625001 0.19804323199999999 0.7918088734375 0.209692832 0.8088737203124999 0.209692832 0.8259385671875 0.22134243466666664 0.8361774750000001 0.22134243466666664 0.8430034125000001 0.203868032 0.8498293515625001 0.06407281066666667 0.7474402734375001 0.04077360533333333 0.7269624578125 0.029124005333333335 0.7064846421875 0.08154721333333333 0.6791808875 0.08154721333333333 0.6689419796875 0.09319681333333334 0.6962457343749999 0.203868032 0.7064846421875 0.203868032 0.7303754265625 0.18639362933333334 0.7747440265625001 0.19804323199999999