0 0.3109047109375 0.09963586327077749 0.2781385234375 0.03725629490616622 0.17972985625 0.05500328418230563 0.1863196828125 0.1625816434316354 0.2331453078125 0.20810799731903487 0.24918983906249997 0.23040094101876674 0.2709676890625 0.22647352815013405 0.312049184375 0.11831927613941019 0.3109047109375 0.09963586327077749
0 0.7091732390625001 0.4307947506702413 0.7689697 0.3885280643431635 0.7554212984374999 0.2272597345844504 0.677672853125 0.21609445576407507 0.6432838875 0.25377916085790886 0.652439665625 0.4032464557640751 0.6644730640625001 0.419966163538874 0.6910250296875 0.43406759249329757 0.7091732390625001 0.4307947506702413
0 0.7897554640625 0.7877620831099196 0.780414421875 0.5753621796246648 0.77239215625 0.5642157131367292 0.67076218125 0.5825436327077748 0.661780709375 0.6156463565683646 0.6764735828124999 0.7955980991957105 0.6885069796875001 0.8123178069705095 0.7897554640625 0.7877620831099196
0 0.6143830953125 0 0.61541314375 0.03842430026809652 0.628209525 0.06759961126005362 0.6608763015625 0.061708495978552276 0.6853245890624999 0.10137571045576407 0.7216210078125 0.09483002680965148 0.75161735 0.04534428150134048 0.75407355 0 0.6143830953125 0
0 0.5251903078125 0 0.5239091140625 0.042332908847184984 0.5380352312500001 0.15312423860589813 0.580064971875 0.12035820107238605 0.5877655421875 0 0.5251903078125 0
0 0.6571396140625 0.9744156273458444 0.624884653125 0.9119438632707775 0.58056596875 0.9073430777479893 0.5708215156249999 0.9279901957104557 0.57272896875 0.959129217158177 0.5675427125 0.990573506702413 0.6571396140625 0.9744156273458444
0 0.6661623734375001 0.7470848069705095 0.63675470625 0.6264561394101876 0.6210916671875 0.6103910026809651 0.5996953046875 0.6205462171581769 0.5708434359375001 0.6887153753351206 0.5632026609375 0.683796707774799 0.5309173734375 0.6959156300268097 0.5374027171875 0.8017882949061662 0.5461879640625 0.8253903726541555 0.6292882375 0.804107490616622 0.6661623734375001 0.7470848069705095
0 0.5181429125 0.427465490616622 0.5403022562500001 0.42976588471849864 0.5429726921875 0.47336051206434315 0.5819395453125 0.5104094530831099 0.5861469046875001 0.4592778847184987 0.608306246875 0.46157827882037533 0.630661815625 0.40717386595174265 0.623032 0.2826177882037534 0.574320690625 0.26621596514745305 0.5672576328125001 0.21082029758713136 0.535735328125 0.23539482841823056 0.531909459375 0.2927541983914209 0.5084094203125 0.32847520107238604 0.5181429125 0.427465490616622
0 0.40673560625 0.8253527640750671 0.482576596875 0.8053790187667561 0.510665484375 0.724754254691689 0.509139521875 0.6998430402144772 0.472472571875 0.580523509383378 0.46445030625 0.5693770402144772 0.3842166921875 0.5775497453083109 0.377720390625 0.591314490616622 0.3677797109375 0.6686664101876676 0.3696871640625 0.6998054289544235 0.3950836984375 0.8148608605898123 0.40673560625 0.8253527640750671
0 0.4602867875 0.14195896246648793 0.46277195625 0.12262098391420913 0.472516409375 0.10197386595174263 0.48398305312499995 0.04953316085790885 0.4671755390625 0.014784611260053619 0.46647157031250003 0.003292367292225201 0.3376878109375 0.026517193029490616 0.32542327968749996 0.09701758981233245 0.3269492421875 0.12192880428954424 0.3555939265625 0.23010186327077747 0.359605059375 0.23567509919571047 0.43544605000000003 0.21570135388739944 0.4602867875 0.14195896246648793
0 0.5152719546875 1 0.533117259375 0.9967817828418231 0.5343288703125 0.9912406836461126 0.5010953375 0.9279713914209116 0.42009874218750004 0.9236884879356568 0.3915901421875 1 0.5152719546875 1
0 0.33131870625 1 0.33776145 0.9574269758713138 0.32171691875 0.935134034852547 0.2686129859375 0.9069311715817694 0.25409441875 0.9095494477211797 0.2475981171875 0.9233141903485255 0.247401890625 0.9800189946380696 0.23737131875 0.9959952600536194 0.2376166328125 1 0.33131870625 1
0 0.250879146875 0.5575195844504022 0.2443828453125 0.5712843297587131 0.2455273171875 0.5899677426273459 0.2310087484375 0.5925860160857909 0.2220272765625 0.6256887399463807 0.2150223203125 0.6311497479892761 0.22964613125 0.8698822305630026 0.23766839687500002 0.8810286997319035 0.25581660624999997 0.8777558579088472 0.29364994843750003 0.7764839758713136 0.3414130109375 0.7174975871313672 0.3395055578125 0.6863585683646113 0.310860871875 0.5781855067024129 0.29367186875 0.5372091554959786 0.250879146875 0.5575195844504022
0 0.28089740937499996 0.268759018766756 0.255489915625 0.273341 0.24536397031249998 0.28776031367292226 0.2098305328125 0.3067616032171582 0.1963292734375 0.32598735924932976 0.207138178125 0.5024418016085791 0.2100048375 0.48933162466487934 0.22452340624999997 0.48671335120643433 0.248023446875 0.4509923512064343 0.26922358125 0.49754193833780164 0.291001434375 0.49361452815013407 0.3305569640625 0.3605490589812333 0.3294124921875 0.3418656461126005 0.28089740937499996 0.268759018766756
0 0.4946538328125 0.34354908042895443 0.4938908515625 0.3310934745308311 0.442509109375 0.2710970214477212 0.369534778125 0.2779605871313673 0.35213859062499997 0.4133264504021447 0.3731534609375 0.39694343163538875 0.3811757265625 0.40808990080428953 0.37085355625 0.479214018766756 0.403901825 0.47955070509383374 0.45720198125 0.451048764075067 0.4946538328125 0.34354908042895443
0 0.32606828125 1 0.33126514687499997 0.9711917211796246 0.330120675 0.952508308310992 0.25810555156250004 0.9151226809651474 0.25199073906249997 0.9351152305630026 0.255042665625 0.9849376621983915 0.24446515624999998 1 0.32606828125 1