0 0.3203125 0.396875 0.3171875 0.39375 0.3171875 0.3890625 0.309375 0.384375 0.2828125 0.3875 0.24375 0.3859375 0.234375 0.390625 0.228125 0.390625 0.21875 0.396875 0.215625 0.3953125 0.2015625 0.3984375 0.190625 0.396875 0.175 0.4015625 0.171875 0.4203125 0.1671875 0.428125 0.165625 0.4421875 0.165625 0.5375 0.16875 0.6265625 0.1734375 0.6375 0.2015625 0.6640625 0.2234375 0.6640625 0.246875 0.6546875 0.29375 0.6484375 0.3078125 0.64375 0.353125 0.6375 0.39375 0.628125 0.4140625 0.6265625 0.41875 0.6203125 0.4171875 0.3921875 0.378125 0.3953125 0.3703125 0.39375 0.3265625 0.3984375 0.3203125 0.396875
0 0.7609375 0.1875 0.6015625 0.175 0.596875 0.1796875 0.5953125 0.1890625 0.5953125 0.2984375 0.6 0.30625 0.6109375 0.3109375 0.6640625 0.3140625 0.6921875 0.31875 0.7 0.3234375 0.7203125 0.3234375 0.7359375 0.328125 0.753125 0.3265625 0.7578125 0.3234375 0.778125 0.3234375 0.790625 0.3171875 0.7984375 0.3171875 0.8125 0.3125 0.8265625 0.3125 0.8359375 0.3078125 0.8578125 0.3046875 0.8609375 0.3 0.8609375 0.175 0.8234375 0.1734375 0.8171875 0.1765625 0.7765625 0.18125 0.7609375 0.1875
0 0.7375 0.546875 0.7546875 0.55 0.8203125 0.5515625 0.825 0.5421875 0.8265625 0.515625 0.8265625 0.3234375 0.821875 0.3203125 0.8109375 0.3203125 0.7984375 0.328125 0.7890625 0.328125 0.784375 0.33125 0.74375 0.334375 0.7015625 0.3296875 0.6640625 0.31875 0.625 0.315625 0.60625 0.3171875 0.603125 0.34375 0.6046875 0.5421875 0.609375 0.5453125 0.7375 0.546875
0 0.0671875 0.925 0.0703125 0.9296875 0.1515625 0.93125 0.159375 0.9296875 0.171875 0.9125 0.175 0.8796875 0.171875 0.775 0.16875 0.75 0.1703125 0.7296875 0.165625 0.690625 0.165625 0.6640625 0.159375 0.63125 0.159375 0.5859375 0.1578125 0.5828125 0.15 0.5796875 0.1203125 0.58125 0.1015625 0.5734375 0.09375 0.5671875 0.0890625 0.5671875 0.065625 0.5859375 0.059375 0.6015625 0.0640625 0.7109375 0.0671875 0.925
0 0.325 0.3796875 0.3390625 0.3828125 0.41875 0.3859375 0.4234375 0.3921875 0.4234375 0.4015625 0.4265625 0.40625 0.4328125 0.409375 0.459375 0.4109375 0.46875 0.40625 0.4765625 0.3953125 0.4828125 0.3734375 0.48125 0.3625 0.4828125 0.2296875 0.4796875 0.2078125 0.48125 0.0828125 0.478125 0.0796875 0.346875 0.078125 0.3171875 0.0796875 0.3140625 0.084375 0.3140625 0.1796875 0.31875 0.3734375 0.325 0.3796875
0 0.5421875 0.625 0.4953125 0.6234375 0.48125 0.6265625 0.4796875 0.6296875 0.48125 0.753125 0.4890625 0.76875 0.4921875 0.821875 0.4953125 0.825 0.6015625 0.8234375 0.6453125 0.81875 0.7109375 0.81875 0.721875 0.815625 0.7296875 0.8046875 0.73125 0.784375 0.73125 0.671875 0.721875 0.65 0.7046875 0.6234375 0.690625 0.61875 0.671875 0.6234375 0.6421875 0.621875 0.5421875 0.625
0 0.2984375 0.83125 0.3296875 0.8234375 0.4625 0.765625 0.4640625 0.634375 0.459375 0.6265625 0.4375 0.6234375 0.41875 0.6359375 0.2890625 0.659375 0.2078125 0.6703125 0.1921875 0.6671875 0.1921875 0.7796875 0.2359375 0.809375 0.2734375 0.825 0.2984375 0.83125
0 0.26875 0.9484375 0.4671875 0.9765625 0.4859375 0.95625 0.5203125 0.8984375 0.5203125 0.8421875 0.4796875 0.809375 0.475 0.76875 0.3140625 0.83125 0.284375 0.8328125 0.24375 0.81875 0.2375 0.8296875 0.2484375 0.928125 0.253125 0.9390625 0.26875 0.9484375
0 0.778125 0.9234375 0.7875 0.9109375 0.7875 0.89375 0.803125 0.8765625 0.784375 0.83984375 0.7796875 0.7828125 0.7515625 0.76875 0.7359375 0.8109375 0.7203125 0.821875 0.540625 0.8296875 0.528125 0.8359375 0.5265625 0.8953125 0.534375 0.9046875 0.6796875 0.9734375 0.778125 0.9234375
0 0.7859375 0.7984375 0.790625 0.8703125 0.8015625 0.878125 0.8109375 0.8734375 0.8171875 0.84375 0.8234375 0.5640625 0.740625 0.565625 0.7375 0.753125 0.7453125 0.76875 0.778125 0.775 0.7859375 0.7984375
0 0.584375 0.615625 0.5828125 0.54375 0.56875 0.528125 0.5125 0.5171875 0.4875 0.546875 0.46875 0.546875 0.4484375 0.5625 0.45 0.6140625 0.4578125 0.61875 0.48125 0.6234375 0.584375 0.615625
0 0.1609375 0.5796875 0.1625 0.5015625 0.15625 0.48125 0.1609375 0.45625 0.1546875 0.4265625 0.1953125 0.396875 0.2625 0.38125 0.2640625 0.234375 0.2578125 0.2234375 0.2109375 0.221875 0.1078125 0.2234375 0.0796875 0.2296875 0.0890625 0.55 0.1 0.5671875 0.125 0.5796875 0.1609375 0.5796875