0 0.315625 0.3828125 0.31875 0.509375 0.371875 0.509375 0.396875 0.53125 0.3921875 0.5921875 0.3984375 0.746875 0.4015625 0.753125 0.41875 0.7515625 0.41875 0.4984375 0.43125 0.409375 0.425 0.1890625 0.415625 0.0921875 0.40625 0.08125 0.3796875 0.071875 0.3125 0.071875 0.28125 0.0796875 0.265625 0.09375 0.2609375 0.125 0.26875 0.3421875 0.2734375 0.35 0.303125 0.359375 0.315625 0.3828125
0 0.2421875 0.9234375 0.246875 0.9390625 0.2734375 0.94375 0.3 0.9390625 0.3203125 0.9234375 0.3125 0.546875 0.3171875 0.509375 0.3109375 0.375 0.3015625 0.3625 0.271875 0.3546875 0.2234375 0.3640625 0.221875 0.371875 0.2328125 0.3765625 0.240625 0.4140625 0.2421875 0.9234375
0 0.203125 0.98125 0.228125 0.9703125 0.240625 0.946875 0.2390625 0.425 0.2328125 0.3953125 0.2203125 0.3734375 0.178125 0.378125 0.165625 0.3921875 0.1671875 0.9484375 0.1703125 0.965625 0.18125 0.978125 0.203125 0.98125
0 0.33125 0.90625 0.3375 0.9296875 0.3640625 0.9390625 0.3890625 0.9296875 0.4 0.9125 0.3921875 0.5359375 0.3875 0.5234375 0.36875 0.5125 0.3453125 0.5125 0.328125 0.5203125 0.31875 0.5328125 0.31875 0.5453125 0.3234375 0.5546875 0.33125 0.90625
0 0.59375 0.8484375 0.6 0.809375 0.5953125 0.3296875 0.5859375 0.3140625 0.5671875 0.3078125 0.5359375 0.30625 0.5078125 0.3140625 0.5 0.3234375 0.50625 0.840625 0.528125 0.8640625 0.5609375 0.8671875 0.59375 0.8484375
0 0.4953125 0.865625 0.5015625 0.85 0.496875 0.471875 0.475 0.4578125 0.4484375 0.4578125 0.43125 0.4703125 0.434375 0.8578125 0.453125 0.8734375 0.4765625 0.875 0.4953125 0.865625
0 0.6984375 0.8203125 0.703125 0.809375 0.7015625 0.4421875 0.6765625 0.4296875 0.6453125 0.4359375 0.6375 0.446875 0.6359375 0.475 0.6359375 0.8078125 0.65625 0.8265625 0.684375 0.828125 0.6984375 0.8203125
0 0.6421875 0.2609375 0.640625 0.4234375 0.64375 0.428125 0.684375 0.4265625 0.6921875 0.415625 0.690625 0.2828125 0.6953125 0.2671875 0.71875 0.2484375 0.74375 0.24375 0.746875 0.2375 0.7453125 0.05 0.721875 0.0203125 0.6921875 0.0109375 0.63125 0.015625 0.60625 0.028125 0.5953125 0.040625 0.596875 0.23125 0.6 0.240625 0.6296875 0.246875 0.6421875 0.2609375
0 0.4953125 0.434375 0.4921875 0.334375 0.496875 0.31875 0.5125 0.30625 0.55625 0.3015625 0.565625 0.25625 0.575 0.246875 0.575 0.0671875 0.5703125 0.05 0.553125 0.0328125 0.5046875 0.025 0.4421875 0.0359375 0.4265625 0.053125 0.4234375 0.0671875 0.4390625 0.4359375 0.465625 0.4375 0.4703125 0.44375 0.4953125 0.434375
0 0.765625 0.8015625 0.7703125 0.78125 0.7734375 0.309375 0.7515625 0.253125 0.721875 0.2515625 0.7046875 0.2625 0.70625 0.7984375 0.7140625 0.8125 0.7515625 0.815625 0.765625 0.8015625
0 0.846875 0.746875 0.8484375 0.29375 0.834375 0.259375 0.821875 0.25 0.7953125 0.246875 0.7734375 0.2515625 0.771875 0.775 0.8015625 0.784375 0.8328125 0.7765625 0.846875 0.746875