0 0.161580709375 0.5776979168975069 0.1344183484375 0.4091535041551247 0.115243875 0.33623627146814405 0.101726865625 0.31050576454293627 0.0318591796875 0.3368341135734072 0.01139868125 0.369203592797784 0.006866164062500001 0.38940607479224376 0.025044031249999998 0.5120174958448753 0.05087256875 0.5824272631578947 0.0598570625 0.6283602548476455 0.067218309375 0.631751135734072 0.1530139765625 0.5932557894736842 0.161580709375 0.5776979168975069
0 0.722049846875 0.0027705263157894737 0.649562309375 0.03625095013850416 0.640995578125 0.05180882271468144 0.6484851640625 0.17228309141274237 0.67232049375 0.3420812354570637 0.7773711734375001 0.29016516066481995 0.7798626843750001 0.16592969806094182 0.759064965625 0.050470351800554016 0.74342640625 0.007044819944598338 0.722049846875 0.0027705263157894737
0 0.26592420625 0.5198835041551246 0.2739926375 0.5291727229916897 0.36906221875 0.48101784487534627 0.3395694296875 0.26403297783933516 0.3265507203125 0.21345537673130194 0.3051741609375 0.20918108310249306 0.22935959062500003 0.2439152326869806 0.22553425625 0.2700160581717452 0.26592420625 0.5198835041551246
0 0.8577482171874999 0 0.8606275312499999 0.17248393074792245 0.8798020015624999 0.24540116066481996 0.9749187296875 0.19763950692520776 0.9512227046874999 0 0.8577482171874999 0
0 0.46816601718750006 0.4375075761772853 0.570596846875 0.39274357340720223 0.5614840125 0.2297271911357341 0.54280784375 0.13196286426592796 0.5259638 0.10748608587257619 0.4494420484375 0.1363218975069252 0.43230858281250006 0.16743764542936287 0.46816601718750006 0.4375075761772853
0 0.211164034375 0.9042437894736842 0.22193285624999998 0.8200429778393351 0.21606651562499998 0.7421108199445983 0.2120323 0.7374662105263158 0.2077892046875 0.7020761689750693 0.199013590625 0.6868886094182826 0.19165234375 0.683497728531856 0.131058571875 0.7001665457063712 0.1079782234375 0.7396880969529086 0.11243020156250001 0.8058235706371191 0.1093120484375 0.8378227368421052 0.121334153125 0.9380945263157895 0.12536836875 0.942739135734072 0.1360566484375 0.9448762797783934 0.205924334375 0.9185479307479224 0.211164034375 0.9042437894736842
0 0.3458685875 0.8966366648199445 0.38396085156250004 0.8083043462603878 0.39111321875 0.7809497894736841 0.379798296875 0.6865763434903047 0.37434971875 0.670135052631579 0.36295425312499996 0.6620995650969529 0.335630809375 0.6662310747922437 0.3315965953125 0.6615864626038781 0.291672203125 0.6766312354570637 0.2771585875 0.7005949113573408 0.2509600875 0.7721156260387811 0.2582407953125 0.8618444626038781 0.26227500937500003 0.8664890720221606 0.2665181046875 0.9018791135734071 0.2705523203125 0.9065237257617729 0.3458685875 0.8966366648199445
0 0.4050479921875 0.8681711662049861 0.409789390625 0.8787141163434904 0.42783891875 0.8842421412742382 0.491759721875 0.8663195927977839 0.5350916875 0.7636831329639889 0.5362971703125 0.744734379501385 0.5322629578125 0.7400897728531857 0.5176210015625 0.646970055401662 0.5021913234375 0.6342899556786704 0.4382705203125 0.6522125069252077 0.43565067031250004 0.6593645761772853 0.425669571875 0.6631257673130194 0.41115595781250003 0.6870894459833795 0.40471077187500004 0.7203423407202216 0.4061251375 0.7321390221606648 0.3956457375 0.7607473074792244 0.39847446875000003 0.7843406703601108 0.39585461718750004 0.7914927423822715 0.4050479921875 0.8681711662049861
0 0.6566969890625 0.7918363656509696 0.6850170375 0.7380106703601108 0.6895495546875 0.717808188365651 0.670873384375 0.6200438614958449 0.6587707375 0.6061100360110804 0.59817696875 0.6227788504155124 0.5755949234375 0.6374533074792244 0.560374125 0.6555186454293629 0.55584160625 0.6757211301939058 0.536088290625 0.713988947368421 0.554266159375 0.8366003656509696 0.5590075578125 0.8471433157894737 0.5696958375000001 0.8492804653739612 0.6343238234374999 0.8372562548476454 0.6435977375 0.8275967229916898 0.6566969890625 0.7918363656509696
0 0.7735608921875 0.809446648199446 0.8242541062500001 0.7102010637119114 0.82687395625 0.7030489944598338 0.82333804375 0.6735572908587257 0.819303828125 0.6689126814404431 0.8157679140624999 0.6394209778393352 0.798714990625 0.5841987673130195 0.714831990625 0.6096437008310249 0.7055580765625 0.6193032354570637 0.696493040625 0.6597081994459834 0.687926309375 0.6752660747922438 0.6804845187499999 0.7582131578947368 0.6861419796875 0.8053998808864266 0.6915905609374999 0.8218411689750693 0.70631305625 0.8286229252077563 0.7735608921875 0.809446648199446
0 0.88285466875 0.792920617728532 0.9220718781249999 0.7719775069252077 0.970852425 0.6857823351800554 0.9760921234375 0.6714781939058172 0.9725562109375 0.6419864903047091 0.9623662328125 0.6150022493074793 0.9574159546875001 0.573713867036011 0.948640340625 0.5585263074792244 0.9220240796875 0.5685561551246537 0.9179898640624999 0.5639115457063711 0.864757340625 0.5839712409972299 0.8428824781250001 0.6045440387811635 0.8238363453125 0.6487101994459834 0.8249612890625 0.7160994044321329 0.8223414390625001 0.7232514764542936 0.840808728125 0.7902703684210526 0.88285466875 0.792920617728532