0 1 0.165598071875 0.9964692656249999 0.142130428125 0.97750155 0.11898954531249999 0.8870574359375001 0.09498776249999999 0.8531188546875 0.0973284796875 0.8234640875 0.1244662125 0.8052916046874999 0.1874856265625 0.81026000625 0.231537325 0.8465393046875 0.263135190625 0.9242426187499999 0.27965154062500003 0.9536104171875 0.2763392734375 0.9917221671875 0.2318899578125 1 0.1929458125 1 0.165598071875
0 0.9223445015625 0.5133354156250001 0.9428577015625 0.4842545828125 0.9622887015625 0.39283891875 0.9390371671875 0.3449010203125 0.8384799390625 0.323526921875 0.81533905625 0.34249463750000003 0.8029958734375 0.37808935312499997 0.7726565234375 0.3859724046875 0.7586572078125 0.4068832203125 0.7597394078125 0.46921805 0.7868771406249999 0.49887281562499997 0.9223445015625 0.5133354156250001
0 0.8470364609375001 1 0.8542703390625 0.9909269328124999 0.8581565390625 0.9726438 0.8306211906250001 0.8999088859375 0.826337371875 0.8751118703125 0.811940440625 0.8529425375 0.71595399375 0.8325399875 0.6937846609375 0.846936921875 0.6918415609374999 0.8560784890625 0.624075046875 0.9276655343750001 0.622131946875 0.9368071015625 0.6423539296875 1 0.8470364609375001 1
0 0.8895987703125 0.6449165781249999 0.8649780703125 0.5584693140625 0.8496095875 0.540870765625 0.808472540625 0.5321268156250001 0.793788640625 0.5337829484375 0.764133875 0.5609206796875 0.749449975 0.5625768124999999 0.7328229765625001 0.5733745140625001 0.7253375421875 0.5861153140625001 0.6976258765625001 0.6041114796875 0.6790557781250001 0.6240507453124999 0.674198028125 0.6469046625 0.6928787765625 0.6938710109375 0.6909356765625 0.7030125765624999 0.6971625921875 0.7186680265625001 0.7243003265625 0.7483227921875 0.7331549265625 0.7740913578125 0.7596080749999999 0.784491440625 0.7766326921875 0.8167738890624999 0.84062365625 0.8303755875000001 0.914904053125 0.7506185234375 0.919761803125 0.7277646078125 0.911878753125 0.697425259375 0.8895987703125 0.6449165781249999
0 0.5686930796875 0.199299859375 0.5092729 0.186669709375 0.47310425 0.221977459375 0.46921805 0.2402605921875 0.490526484375 0.29734005625000004 0.526629465625 0.41966900156250003 0.5410263984375 0.44183833437500003 0.5913050125 0.452525384375 0.6079320125 0.4417276859375 0.6098751124999999 0.43258611875 0.6339875453125 0.4090476203125 0.6342745125 0.3852221546875 0.6208491296875 0.3584820375 0.6165653109375 0.333685021875 0.5686930796875 0.199299859375
0 0.5571244484375 0.7032338765625 0.571123765625 0.682323059375 0.58220843125 0.67512459375 0.5916369640625 0.653242228125 0.597179296875 0.6496429953125 0.578498546875 0.602676646875 0.5715870484375001 0.5677665140625 0.5581616656249999 0.5410263984375 0.5601047640625 0.5318848328125 0.5351970984375 0.46926303437500005 0.5309132828124999 0.44446601875 0.52731405 0.4389236859375 0.4541815171875 0.4233788859375 0.387386553125 0.49039515156249996 0.3799011203125 0.50313595 0.368816453125 0.5103344171875001 0.363958703125 0.5331883328125 0.3800117703125 0.5700415640625 0.39315018749999997 0.6206071453125 0.400348653125 0.6316918125 0.4275970359375 0.7282521921875 0.43936628593749993 0.7403084093750001 0.50335725 0.7539101078125 0.51998425 0.7431124078125 0.5460397828125 0.71043234375 0.5571244484375 0.7032338765625
0 0.464155028125 1 0.471119784375 0.9954770343750001 0.534315515625 0.9229184359374999 0.537230165625 0.9092060859375 0.49918408437500006 0.7960187078125001 0.3803437203125 0.7707584078124999 0.3386327390625 0.809665390625 0.29303555625 0.8668555046875 0.32057090625 0.9395904187499999 0.3248547234375 0.9643874359375 0.332053190625 0.9754721015625 0.44744788125 1 0.464155028125 1
0 0.45197213437499995 0.0741669140625 0.46870978281250003 0.130274828125 0.48310671562499996 0.1524441609375 0.6613672609375 0.190334609375 0.7105636750000001 0.13868682968749999 0.7154214249999999 0.11583291250000001 0.699368359375 0.0789796796875 0.6986837765625 0.059724996875000005 0.6878860765625 0.0430979984375 0.5680741640625 0.022408482812499998 0.5644749296875 0.01686615 0.5141963140625 0.0061791 0.4920269828125 0.0205760328125 0.45197213437499995 0.0741669140625
0 0 0.8525505265625 0.0140414671875 0.8983220390625 0.0212399328125 0.909406703125 0.139427328125 0.9345282109375 0.1540796125 0.9137561875 0.165164278125 0.9065577203125 0.20327602812499998 0.8621084046874999 0.207162228125 0.843825271875 0.17534306093750002 0.7462933421875 0.0656442640625 0.72297614375 0.049017265625 0.7337738421875 0 0.7900533421875 0 0.8525505265625
0 0.262274290625 0.22493709218750002 0.258962025 0.19556929375 0.25176355625 0.184484628125 0.137493978125 0.1601958796875 0.1143530953125 0.17916359531249998 0.1085237953125 0.20658829375 0.1245768609375 0.243441525 0.1314883625 0.2783516578125 0.148512978125 0.31063410625 0.1491975609375 0.329888790625 0.1669067609375 0.381425921875 0.1777044609375 0.398052921875 0.28740325625 0.4213701203125 0.2984879234375 0.41417165312500004 0.319001121875 0.385090821875 0.273071990625 0.24156409218750002 0.262274290625 0.22493709218750002
0 0.10536716406249999 0.46866841875 0.0867970640625 0.48860768437499996 0.0848539640625 0.49774925156250005 0.049656865625000005 0.528486215625 0.028172115625 0.5621378328125 0.036055165625 0.59247718125 0.0468528640625 0.60910418125 0.0501651328125 0.6384719796875 0.057363598437499996 0.6495566453125 0.1762039625 0.67481694375 0.1938025109375 0.6594484625 0.24591357500000002 0.5940883296874999 0.2690544578125 0.5751206140625 0.280426090625 0.5440966828125 0.273514590625 0.50918655 0.25026305781249997 0.461248653125 0.14513504531250002 0.43890300312499997 0.10536716406249999 0.46866841875
0 0.152848115625 0 0.15224354375 0.0009030515625000001 0.12258877812499999 0.028040782812499998 0.118702578125 0.046323915625 0.135440228125 0.10243183125 0.1462379265625 0.11905883125000001 0.3336400390625 0.15889237812499998 0.3447247046875 0.1516939109375 0.383808003125 0.10267381406250001 0.39489266875 0.0954753484375 0.40432120156250007 0.07359298125 0.3790331671875 0 0.152848115625 0
0 0.45202134843749997 1 0.46197821875 0.993533934375 0.475977534375 0.97262311875 0.52517395 0.9209753359375 0.5290601500000001 0.9026922031250001 0.5156347671875 0.8759520875 0.508723265625 0.84104195625 0.49267019999999995 0.8041887234375 0.48450018437500003 0.7976748406249999 0.3839429546875 0.776300740625 0.34777430468750004 0.8116084906250001 0.302177125 0.8687986046875 0.3120032734375 0.8899963874999999 0.316287090625 0.9147934031249999 0.3297124734375 0.9415335203125 0.3277693734375 0.9506750859374999 0.33496784062499996 0.9617597515625 0.3366239734375 0.9764436515625 0.4474478796875 1 0.45202134843749997 1