0 0.31969432656249996 0.9657688498659518 0.28010565781249996 0.8574582412868633 0.25837107187499997 0.8528792868632707 0.24210223125 0.8746883780160858 0.18694040781250001 0.9261584664879356 0.184062878125 0.9371945683646112 0.31969432656249996 0.9657688498659518
0 0.788062109375 0.18213960857908848 0.8208516390625 0.06384080160857909 0.73168511875 0.04505556300268096 0.730419584375 0.06274040750670241 0.7213956078125 0.08607581769436996 0.7187269359374999 0.12336840750670242 0.7459914734375 0.2048220160857909 0.760481196875 0.20787465415549597 0.788062109375 0.18213960857908848
0 0.7749817765625 0.7601004101876675 0.7785999359375 0.7095394691689009 0.7203227171875 0.6662902707774799 0.7022105609375 0.6624744745308311 0.67551920625 0.675778654155496 0.6633175765625 0.6921354745308311 0.6526428906249999 0.8413058310991957 0.6866433078124999 0.8800145790884718 0.764493478125 0.8711791930294907 0.7749817765625 0.7601004101876675
0 0.7965813390625 0.4582635013404826 0.8045235546875 0.31179035120643434 0.703540259375 0.2842064691689008 0.6913386296875 0.30056328418230566 0.6748176203125 0.48004764075067025 0.6834610203125 0.5134142761394102 0.78488909375 0.5347827292225201 0.7917652203125 0.525564981233244 0.7965813390625 0.4582635013404826
0 0.5895365578125 1 0.5880765140624999 0.9728133699731905 0.5463864546874999 0.9387937372654156 0.5379275796874999 1 0.5895365578125 1
0 0.6409409671875 0.18269040482573728 0.7046177874999999 0.06361372654155496 0.6977051515625 0.03789680160857909 0.5927007343749999 0.015774900804289546 0.5891447671875001 0.032977203753351204 0.5842522015625 0.10134695174262735 0.5892731718750001 0.13395042895442358 0.5870492781250001 0.16502758713136728 0.5965822359375 0.18596335924932977 0.6409409671875 0.18269040482573728
0 0.6499053796875 0.46849009651474527 0.6805355390625001 0.34876041823056303 0.6442470250000001 0.29064221715817695 0.5613758859375 0.2668741260053619 0.552351909375 0.2902095361930295 0.544790671875 0.39587187131367296 0.576947775 0.40895573726541556 0.5846374156249999 0.4042666219839142 0.6127915109375001 0.4732893699731903 0.6340813187500001 0.4840837560321716 0.6499053796875 0.46849009651474527
0 0.63268741875 0.8118651501340483 0.641582990625 0.6875565201072386 0.6197842015624999 0.6324909544235925 0.597604834375 0.6341274316353888 0.5939182015625 0.5828776595174262 0.5545804390625 0.618754091152815 0.5514669890625 0.6622621126005361 0.5292876234375 0.6638985898123324 0.5185487328125 0.7625823351206434 0.541681859375 0.7990016058981233 0.5449237140625 0.8564668096514746 0.576191259375 0.8819815361930294 0.583816696875 0.8268058096514745 0.63268741875 0.8118651501340483
0 0.5230560859375 0.39129291689008044 0.5248352 0.3664311930294906 0.4975706625 0.28497758445040217 0.42194438593749994 0.26273580965147453 0.410187534375 0.27287719839142094 0.383624584375 0.38715460053619305 0.381400690625 0.4182317587131368 0.390553071875 0.49586957372654156 0.396908378125 0.5098267560321715 0.4770466421875 0.5204008230563003 0.4851810625 0.5094962788203753 0.5230560859375 0.39129291689008044
0 0.4828482078125 1 0.4803573375 0.9879743485254692 0.470824378125 0.9670385790884719 0.468536284375 0.9476291233243967 0.4444493984375 0.8731541045576408 0.3688231234375 0.8509123324396783 0.3647559125 0.8563646058981232 0.3350153109375 0.963663418230563 0.3346393328125 0.9689174021447721 0.48217683593749994 1 0.4828482078125 1
0 0.3892672546875 0 0.3872423796875 0.02829604825737265 0.43630570625000004 0.16481522252010725 0.517333528125 0.16295842895442358 0.5512055421875 0.10069395174262735 0.5457397953124999 0.07430590884718499 0.52533954375 0.05108066219839143 0.4962469828125 0 0.3892672546875 0
0 0.24719469843750003 0 0.23789734375 0.05992400268096514 0.264208121875 0.10332186595174263 0.26382754531249997 0.16002390884718498 0.2701828515625 0.17398108847184987 0.284672575 0.17703372386058983 0.338055284375 0.1504253619302949 0.35432412343749997 0.1286162707774799 0.347015059375 0.07660334316353887 0.34968373124999996 0.039310753351206436 0.3584949953125 0 0.24719469843750003 0
0 0.323570196875 0.5069944396782842 0.3533107984375 0.39969562466487935 0.3555346921875 0.36861846648793567 0.308378884375 0.30821078820375336 0.27158138906249996 0.20582140482573727 0.2534692328125 0.20200560857908845 0.24533481250000003 0.21291015549597855 0.2201803296875 0.30750535924932976 0.21476885625 0.3831264423592493 0.214388278125 0.4398284879356568 0.235233309375 0.4568383056300268 0.243876709375 0.4902049383378016 0.258366434375 0.49325757640750667 0.25703209843749997 0.5119038686327078 0.2633874046875 0.5258610509383378 0.305967021875 0.5474498230563002 0.323570196875 0.5069944396782842
0 0.2811189828125 0.586378890080429 0.2594485984375 0.6322865469168901 0.2363154734375 0.5958672761394103 0.2218257484375 0.5928146407506703 0.21636000156250002 0.5664265951742627 0.20187027500000002 0.5633739571045576 0.189861253125 0.7311906112600537 0.21979446249999998 0.7753516327077749 0.25512921718750003 0.7954140857908848 0.265106953125 0.8101344262734584 0.2904639703125 0.8154765388739946 0.3397152671875 0.7438338391420911 0.341049603125 0.7251875415549598 0.30285357031250004 0.5909578445040214 0.2811189828125 0.586378890080429
0 0.5040590078125 0.7595296997319034 0.504948565625 0.7470988364611261 0.4685958484375 0.6384940241286864 0.41559371718750004 0.6084003404825737 0.3825470578125 0.6077473431635388 0.3921442171875 0.6791697265415549 0.3840097984375 0.6900742707774798 0.3631647671875 0.673064455764075 0.379181434375 0.8089306300268098 0.4520748375 0.8179783806970509 0.5040590078125 0.7595296997319034
0 0.2547166984375 0 0.2518780875 0.018705458445040214 0.241964553125 0.054471731903485254 0.2718977625 0.09863275067024128 0.268339534375 0.1483562037533512 0.2742500609375 0.16852881501340483 0.3466344828125 0.13330538605898123 0.34796881874999996 0.114659091152815 0.340214975 0.06886159249329758 0.3515308625 0 0.2547166984375 0