0 0.07842170625 0.6187454265625 0.0703488171875 0.6461041578125 0.07390965000000001 0.7140488890625 0.0834664015625 0.7452370390625 0.0985154921875 0.7602928484375 0.1303661234375 0.7633769765625 0.3495873671875 0.7439658296875 0.3572394859375 0.7388114484375 0.3651467546875 0.7082924984375001 0.38818592500000004 0.6944094671875 0.5160092171875 0.6845416328125 0.513193675 0.6308178921875001 0.5339902546874999 0.604376790625 0.595862975 0.605887528125 0.751962628125 0.5913688921875 0.7581174468749999 0.5878774328125 0.7556264265625 0.57057903125 0.499648603125 0.5839942609375 0.40891985000000003 0.5760735546875 0.186455578125 0.5940702124999999 0.0889856171875 0.608685096875 0.07842170625 0.6187454265625
0 0.38625441875 0.7784865390625 0.4237630078125 0.7685985468750001 0.938796065625 0.7400223593749999 0.9543487359375 0.734453928125 0.9576812953125 0.7073436265625 0.9515331953124999 0.6807301859375 0.9346555625 0.6610168562500001 0.554263096875 0.68887463125 0.5160920265625 0.6861217421875 0.38053380468750003 0.6995638484375 0.36838978437500003 0.7097069874999999 0.36206262499999997 0.7401431281249999 0.3741103984375 0.7886296796875001 0.3820937578125 0.7897957390625 0.38625441875 0.7784865390625
0 0.98694465625 0.751759046875 0.9625805265625 0.7403603171875 0.4349065890625 0.7695989859375 0.4052157375 0.7774928171875 0.38375667812500003 0.7912930390625 0.3907328796875 0.8337075796875 0.40561635156250003 0.84560316875 0.968052709375 0.8145426796875 0.9852682984375001 0.8104715468749999 0.9973295078125 0.7987482984375001 0.9993303890625 0.7764611375 0.98694465625 0.751759046875
0 0.561583978125 0.6773998109375 0.9166946828125001 0.6508669984375001 0.9400650921875 0.64330440625 0.9481379828125001 0.6159456765625 0.9373323593749999 0.591160775 0.9193714796875 0.5810109171875 0.5389790156250001 0.608868690625 0.5265865640625 0.6142715015625 0.5165195140625001 0.633812490625 0.5177616656249999 0.6575141421875 0.526573128125 0.6744813015625 0.5397108671875 0.6832994828125 0.552351746875 0.6826370015625 0.561583978125 0.6773998109375
0 0.80448453125 0.3842222984375 0.319639184375 0.41438531406249995 0.30433494375 0.4246940765625 0.299008225 0.44398663593750004 0.299084315625 0.47567164687499996 0.308475446875 0.5036995765625 0.3183701578125 0.511103265625 0.8410553343749999 0.477372696875 0.8635976453125 0.45400900625 0.865018853125 0.42066107500000005 0.8443185218749999 0.3884724859375 0.80448453125 0.3842222984375
0 0.45558457968750005 0.5292633625 0.45699235 0.5561252328124999 0.4705441421875 0.5728439625 0.8622458078124999 0.5491468484375 0.8770531874999999 0.5293574265625 0.8773911468750001 0.5055729671875 0.866916765625 0.48710850624999996 0.8507844265625 0.4816161671875 0.46864622968749997 0.50639653125 0.45558457968750005 0.5292633625
0 0.427776021875 0.300975509375 0.4164601015625 0.32691975 0.42443674375 0.3581907109375 0.43591156406250003 0.3655115890625 0.4644363546875 0.36560111875 0.8009997890625 0.34796257656249996 0.818884578125 0.326427425 0.8189741078124999 0.29790263437500003 0.8103282671875001 0.2840956953125 0.7990190671875 0.2799350359375 0.427776021875 0.300975509375
0 0 0.3936677140625 0.00013243750000000001 0.39468760625 0.014098279687500001 0.4193068859375 0.0273188296875 0.42970517499999994 0.2200094421875 0.41802223906249997 0.2293244828125 0.41436515937499996 0.23407153125 0.3840118265625 0.2476300421875 0.37062565625 0.41204429375 0.363593521875 0.416619003125 0.3601848703125 0.4128858328125 0.3191848203125 0.40141101093750003 0.311863940625 0.26718447031250003 0.3204829046875 0.25113494062499997 0.3165706765625 0.23093146875 0.2938627453125 0.22486617656250002 0.2688294171875 0.2183801171875 0.2660004359375 0.028849725 0.27751775156249997 0.0000697859375 0.3027927953125 0 0.3030621421875 0 0.3936677140625
0 0.048903195312499995 0.599694578125 0.06328980625 0.6021095062499999 0.4353676703125 0.5667652328125 0.43554000937500004 0.539820553125 0.44161202031249996 0.5347489828125 0.4308064 0.5099640828124999 0.3298449765625 0.5184241453125 0.313795446875 0.5145119171875 0.300326465625 0.499373296875 0.29326745625 0.455378646875 0.24694740468749998 0.44829947812500004 0.23696988437500002 0.439315678125 0.0552572296875 0.44883883437499994 0.0381244515625 0.454490075 0.02165415 0.4727821953125 0.0163207125 0.5221796578125 0.0306938859375 0.5848043890625 0.048903195312499995 0.599694578125
0 0.2339327875 0.26043200624999996 0.2339260671875 0.29053690625 0.2458977484375 0.3073384453125 0.7877926765625001 0.2773544859375 0.8015996171875001 0.2687086453125 0.8027723968749999 0.2306203859375 0.787806115625 0.217144684375 0.7670162546875 0.2134808859375 0.2896574078125 0.23532930312499997 0.2339327875 0.26043200624999996
0 0.22704611406250003 0.1894926734375 0.22529366562500003 0.2165201640625 0.23119333593750002 0.23839327500000002 0.7606130046875 0.2122320171875 0.7685202734375001 0.1817130640625 0.7589635218749999 0.150524915625 0.7281961421875 0.13787731718750001 0.2698814234375 0.160312121875 0.23586429375 0.1763549328125 0.22704611406250003 0.1894926734375