0 0 0.26677749687499996 0.00231004375 0.2924706171875 0.01561971875 0.32244147500000003 0.0499789171875 0.34035646875 0.11305515937499999 0.3360404546875 0.1513204453125 0.31701630000000003 0.167981628125 0.27373576875 0.157324228125 0.1979044296875 0.144641459375 0.172394240625 0.0918126875 0.15252620156250002 0.0427453515625 0.159422165625 0.00894073125 0.1778194140625 0 0.19290141249999998 0 0.26677749687499996
0 0.247309125 0.12612383124999998 0.21155146406249997 0.1629906515625 0.22534339218750002 0.26112532499999996 0.2501543515625 0.2758334640625 0.28646659375 0.275278884375 0.303610028125 0.30016216875 0.3271671765625 0.3059489734375 0.38327512812500003 0.2844171953125 0.40119012343750005 0.2500579984375 0.3696278515625 0.12257937187500001 0.336522465625 0.1135857140625 0.247309125 0.12612383124999998
0 0.84327840625 0.256158134375 0.8521997406249999 0.254904321875 0.9383508781250001 0.18821129375 0.9498521609375 0.1729485765625 0.9360602312499999 0.074813903125 0.9112492734375 0.0601057640625 0.8539598343750001 0.040864634375 0.8437846875 0.0331971109375 0.8246882093749999 0.026783400000000002 0.8068455406249999 0.0292910234375 0.7500383562499999 0.078213709375 0.7289888343750001 0.090269571875 0.7136537890625 0.1106198625 0.7268188109375 0.2042938703125 0.747169103125 0.21962891406249999 0.7560904359375 0.2183751015625 0.84327840625 0.256158134375
0 0.4185505359375 0.17938655781249999 0.42419268906249996 0.219532559375 0.4305340734375 0.23228765468749998 0.464893271875 0.25020264999999997 0.47123465624999994 0.26295774375000003 0.486497375 0.274459028125 0.5005062812500001 0.277038978125 0.525944146875 0.2962077828125 0.5501281984374999 0.3064552546875 0.5724315328125 0.30332072499999996 0.6088161000000001 0.270914571875 0.6177374343750001 0.269660759375 0.629865625 0.25885870781250003 0.6477806171875 0.22449950937500002 0.6682032359375001 0.207982978125 0.668902465625 0.18059207187499998 0.6925319390625 0.15452729999999998 0.6837552578125 0.09207796406249999 0.587019046875 0.051088076562499994 0.5647157125 0.054222606250000006 0.539832428125 0.0713660421875 0.49961409999999995 0.10885976875 0.42942491406250005 0.159663171875 0.4185505359375 0.17938655781249999
0 0.25381943281249997 0.6255738796875 0.2716621 0.62306625625 0.3163410953125 0.584945621875 0.41524732656249996 0.5119112109375 0.43058237187500004 0.49156091875 0.42368640781250005 0.4424935828125 0.40842368906250004 0.43099230000000005 0.3995023546875 0.43224611093750004 0.3702307296875 0.4181648796875 0.3485543015625 0.425760075 0.3287585890625 0.446737271875 0.3077090671875 0.45879313593750004 0.20176221875000003 0.546463359375 0.20991199531250002 0.6044520296875 0.25381943281249997 0.6255738796875
0 0.6283225078125 0.377343671875 0.60539226875 0.37601753437499996 0.6003046953125 0.37218377343750003 0.5639201265625 0.40458992812499994 0.5345761765625 0.42236027031249995 0.5147804640625 0.4433374671875 0.50585913125 0.444591278125 0.4573463734375 0.487799484375 0.4362968515625 0.499855346875 0.43246309062500005 0.5049429203125 0.4424935828125 0.5763135921875 0.5252208859375 0.6147235296875 0.5392297921875 0.6173034796875 0.5494049390625 0.6249710015625001 0.571708275 0.621836471875 0.5997984140625 0.5951447953125 0.6412705546875 0.566572403125 0.648938075 0.55639725625 0.7274216890625 0.499879375 0.73446230625 0.4852435640625 0.725685625 0.42279422499999997 0.7104229046875 0.4112929421875 0.672229946875 0.398465521875 0.6620548 0.39079799843749996 0.6384976546875001 0.38501119375 0.6283225078125 0.377343671875
0 0.9541441468749999 0.527149659375 0.9751936718750001 0.515093796875 0.986694953125 0.4998310765625 0.9848142359375001 0.486449078125 0.988647996875 0.48136150468750005 0.9767367859375 0.39660883125 0.9703954015624999 0.3838537359375 0.9551326843749999 0.372352453125 0.8685716187500001 0.3390300890625 0.8551896187500001 0.34091080625000003 0.765204721875 0.4126914046875 0.7815042734375 0.528668746875 0.830499284375 0.5536243562500001 0.8973369625000001 0.5760723453125001 0.9541441468749999 0.527149659375
0 0.187536334375 0.639438134375 0.16308700625 0.465472121875 0.10008308749999999 0.4379365625 0.07777975312499999 0.4410710921875 0.0496896125 0.46776276718750004 0.0324738515625 0.4747310578125 0.0209725671875 0.48999377656250004 0.0417327875 0.6053442125 0.037899024999999996 0.6104317859374999 0.044794990624999996 0.6594991218749999 0.06514528281250001 0.674834165625 0.1268953875 0.6934483921875 0.1722012890625 0.659788425 0.187536334375 0.639438134375
0 1 0.6903826093750001 0.9856340921875001 0.6864798578125 0.975458946875 0.6788123374999999 0.9226301749999999 0.6589442984375 0.9047875062499999 0.661451921875 0.8269307984375001 0.7224304703125 0.8419765390625 0.829486478125 0.8572392578124999 0.8409877609375 0.9438003234375 0.8743101265625001 1 0.8318765984375001 1 0.6903826093750001
0 0.2928322484375 0.8384320828125 0.30850489531249997 0.9499487562500001 0.333315853125 0.964656896875 0.36007985468750003 0.9608954609374999 0.38816999375 0.934203784375 0.4175139453125 0.9164334437500001 0.44114341718750005 0.890368671875 0.4583591796875 0.8834003812500001 0.49920441406249993 0.8503673218750001 0.5107056984375 0.835104603125 0.4956599578125 0.7280485953125 0.4854848109375 0.7203810734375 0.452379425 0.7113874140625 0.33751124374999997 0.80031145 0.3260099609375 0.8155741687500001 0.30049976875 0.8282569359374999 0.2928322484375 0.8384320828125
0 0.6316259609375 0.8863419625000001 0.67107273125 0.9080907171874999 0.7086387843749999 0.9164574703125 0.7335220687499999 0.8993140343749999 0.7450233515625 0.884051315625 0.7705335421874999 0.8713685453125001 0.7782010640625 0.8611934015625 0.7619015124999999 0.745216059375 0.7421781265625 0.73434168125 0.6657922078125 0.708686840625 0.6409812500000001 0.6939787 0.6091296749999999 0.6939063765625 0.579785725 0.7116767171875 0.5440280625 0.7485435375 0.558446896875 0.8511388796875 0.5985205734375 0.8773483015625001 0.6227046265625 0.8875957734375 0.6316259609375 0.8863419625000001
0 0.21762694843750002 1 0.2568576078125 0.970853628125 0.26835889218750003 0.9555909093749999 0.2426557515625 0.7727035640625 0.23248060625 0.765036040625 0.17519116562499998 0.7457949109374999 0.1650160203125 0.7381273875 0.1420857796875 0.73680125 0.08081792812500001 0.786350840625 0.0865324078125 0.79464526875 0.1109817359375 0.9686112796874999 0.13579269375 0.9833194203125 0.159349840625 0.9891062249999999 0.1802430328125 1 0.21762694843750002 1
0 0.7853380343749999 0.5235811734375 0.8292454734374999 0.5447030234375 0.8960831515625 0.5671510109375 0.9120451015625 0.5512613859375 0.9330946250000001 0.539205521875 0.9528903359375 0.518228325 0.9618116703125 0.5169745140625001 0.9694791921875 0.5067993671875 0.9822342875000001 0.5004579828125 0.9665616421875001 0.388941309375 0.9563864953125 0.3812737859375 0.9328293484374999 0.3754869828125 0.86982543125 0.34795142343749996 0.8519827624999999 0.350459046875 0.8321870515625 0.37143624375 0.8028431015624999 0.3892065859375 0.7747529609375 0.41589826093750004 0.77154610625 0.42544650156249997 0.7853380343749999 0.5235811734375