0 0.846153846875 0.7945228310249307 0.8561872906250001 0.8241692077562327 0.9264214046875001 0.8241692077562327 0.9498327765625 0.800452108033241 0.9565217390624999 0.7826642825484765 0.9531772578125001 0.6581495096952908 0.93645485 0.5810689362880886 0.9331103671875001 0.5336347368421053 0.9264214046875001 0.5277054626038782 0.8394648828125 0.5336347368421053 0.8294314375 0.5454932880886427 0.8361204015625001 0.7174422603878116 0.846153846875 0.7945228310249307
0 0.20401337812499998 0.8834619556786703 0.22408026718750002 0.8953205041551248 0.2976588625 0.8893912299168976 0.3076923078125 0.8775326814404432 0.3143812703125 0.7589471828254848 0.3110367890625 0.5869982132963989 0.20401337812499998 0.5988567617728532 0.1872909703125 0.7174422603878116 0.1939799328125 0.836027756232687 0.20401337812499998 0.8834619556786703
0 0.7257525078125 0.8419570304709141 0.732441471875 0.8182399307479225 0.7224080265625 0.5632811135734072 0.7157190640625 0.5514225623268698 0.618729096875 0.5632811135734072 0.622073578125 0.7826642825484765 0.6287625421875 0.836027756232687 0.64882943125 0.8478863074792243 0.7257525078125 0.8419570304709141
0 0 0.8893912299168976 0.0501672234375 0.8893912299168976 0.090301003125 0.8775326814404432 0.11036789375 0.6818666094182825 0.10033444843749999 0.6047860360110803 0 0.6166445872576177 0 0.8893912299168976
0 0.4247491640625 0.8656741301939057 0.501672240625 0.8656741301939057 0.5217391296875 0.8419570304709141 0.5183946484375 0.5692103878116344 0.41471571875 0.5751396620498614 0.404682275 0.7352300831024932 0.41137123750000004 0.836027756232687 0.4247491640625 0.8656741301939057
0 0.8060200671875 0.4269077894736842 0.8127090296875 0.43283706648199444 0.8729096984375 0.4387663407202216 0.8996655515624999 0.40911996675900275 0.9030100328125 0.3438979418282549 0.909698996875 0.314251567867036 0.909698996875 0.2134538947368421 0.9063545156249999 0.20752462049861495 0.8963210703125 0.2015953462603878 0.82608695625 0.2015953462603878 0.81939799375 0.2134538947368421 0.799331103125 0.2905344681440443 0.795986621875 0.3676150415512466 0.799331103125 0.3735443157894737 0.799331103125 0.40911996675900275 0.8060200671875 0.4269077894736842
0 0.64548495 0.39133214127423827 0.672240803125 0.39726141551246535 0.675585284375 0.4031906897506925 0.7157190640625 0.4031906897506925 0.732441471875 0.3854028670360111 0.7658862875 0.3261101191135734 0.76923076875 0.2371709944598338 0.7658862875 0.23124172022160666 0.7658862875 0.19566607202216066 0.76254180625 0.18973679501385043 0.6889632109375 0.17194897229916897 0.64214046875 0.24310026869806095 0.6321070234375 0.26681736842105264 0.6321070234375 0.3616857673130193 0.6354515046875 0.379473592797784 0.64548495 0.39133214127423827
0 0.5083612046875 0.3676150415512466 0.5719063546875 0.3735443157894737 0.5752508359374999 0.3676150415512466 0.58528428125 0.3676150415512466 0.6020066890625 0.349827216066482 0.612040134375 0.32018084210526315 0.612040134375 0.30832229362880886 0.6254180609375 0.2846051939058172 0.6254180609375 0.2608880941828255 0.6287625421875 0.25495881994459835 0.6287625421875 0.17787824653739612 0.6254180609375 0.16601969529085872 0.6086956515625 0.15416114681440443 0.5451505015625 0.1482318725761773 0.4916387953125 0.23124172022160666 0.48829431406249996 0.24902954570637117 0.4916387953125 0.25495881994459835 0.494983278125 0.349827216066482 0.5083612046875 0.3676150415512466
0 0.41471571875 0.3438979418282549 0.438127090625 0.3379686675900277 0.4548494984375 0.3261101191135734 0.4615384609375 0.30832229362880886 0.4849498328125 0.27867591966759003 0.48160535156249995 0.15416114681440443 0.4782608703125 0.14230259556786704 0.468227425 0.1363733213296399 0.404682275 0.12451477285318559 0.39464882968750004 0.13044404709141275 0.377926421875 0.16009042105263158 0.3444816046875 0.2015953462603878 0.3377926421875 0.21938316897506924 0.3444816046875 0.32018084210526315 0.35451505 0.3379686675900277 0.41471571875 0.3438979418282549
0 0.207357859375 0.24902954570637117 0.2173913046875 0.30832229362880886 0.30100334375000004 0.314251567867036 0.3110367890625 0.30832229362880886 0.324414715625 0.2727466426592798 0.33444816093749996 0.2608880941828255 0.35117056875 0.1838075207756233 0.35117056875 0.1363733213296399 0.3478260875 0.11858549861495844 0.33444816093749996 0.10672694736842105 0.26755852812500003 0.1007976731301939 0.207357859375 0.17787824653739612 0.20401337812499998 0.1838075207756233 0.20401337812499998 0.2134538947368421 0.207357859375 0.21938316897506924 0.207357859375 0.24902954570637117
0 0.06354515 0.2608880941828255 0.07023411406249999 0.27867591966759003 0.0969899671875 0.27867591966759003 0.10033444843749999 0.2846051939058172 0.153846153125 0.2846051939058172 0.177257525 0.2727466426592798 0.20066889687499997 0.2371709944598338 0.207357859375 0.17194897229916897 0.210702340625 0.16601969529085872 0.20066889687499997 0.09486839889196676 0.1605351171875 0.07708057340720222 0.1204013375 0.08300984764542936 0.06354515 0.1482318725761773 0.0568561875 0.16009042105263158 0.0568561875 0.18973679501385043 0.06354515 0.21938316897506924 0.06354515 0.2608880941828255