0 0.1673147328125 0.45476716713091925 0.158733175 0.27795530362116994 0.14768377500000002 0.19891893871866298 0.1371125265625 0.16871704456824513 0.06520567031249999 0.17095461838440112 0.04147579375 0.19611771309192202 0.0348068265625 0.2146437409470752 0.0394861015625 0.3427276852367688 0.057383771875 0.42155094707520896 0.06128605625 0.4702788718662953 0.06819409531250001 0.47617007799442895 0.1571618625 0.4672954401114206 0.1673147328125 0.45476716713091925
0 0.783556996875 0.07532717548746519 0.708285775 0.08377561002785515 0.698132903125 0.09630388022284123 0.6924800015625 0.21860316713091923 0.697637425 0.39552157938718663 0.8070902375 0.37990332869080784 0.823015546875 0.2572843871866295 0.8149719046874999 0.13541130640668525 0.8042213484375 0.08689648467966574 0.783556996875 0.07532717548746519
0 0.27670777812499997 0.43304460445682447 0.28367558593750003 0.4450401197771588 0.3828559921875 0.4297415208913649 0.37722042031249997 0.20398862952646238 0.3698342328125 0.14926294986072425 0.3491698796875 0.13769363788300834 0.270474521875 0.14624862395543176 0.2638653234375 0.17087896100278552 0.27670777812499997 0.43304460445682447
0 0.9959131937500001 0.07482531476323119 0.9616718343749999 0.07589082729805015 0.920701740625 0.08937805571030641 0.9021292843750001 0.29145956545961005 0.9131786828124999 0.3704959331476323 0.9986824671875001 0.3576583036211699 0.9959131937500001 0.07482531476323119
0 0.48552030312500005 0.4204406768802228 0.591608746875 0.4110332841225627 0.60026740625 0.24589728133704736 0.59240306875 0.14233712813370475 0.5784076828125 0.11224178830083564 0.49965255624999994 0.11469246239554318 0.4793468140625 0.13974900557103065 0.48552030312500005 0.4204406768802228
0 0.18093417812499998 0.7962888300835654 0.20070200312500003 0.716293504178273 0.203349146875 0.6368309331476324 0.19986524375 0.6308331754874652 0.1995066328125 0.5942073203342618 0.19247905468749998 0.5761074958217269 0.1855710140625 0.570216286908078 0.12387680000000001 0.5660298997214485 0.0967825546875 0.597403852367688 0.094015871875 0.6646578050139276 0.08746644375 0.6953924540389972 0.0884825078125 0.7991657103064067 0.09196641093749999 0.8051634679665738 0.1022985890625 0.8109481253481895 0.17420544375 0.8087105515320334 0.18093417812499998 0.7962888300835654
0 0.31489385937500003 0.8348635013927577 0.36211454062500004 0.7601200752089137 0.372147875 0.7353831866295265 0.37119157812500003 0.6377142395543176 0.3675881359375 0.619507860724234 0.35719619062499997 0.6076188969359332 0.3297433359375 0.6023669972144847 0.32625943125 0.5963692367688022 0.2851698 0.597647852367688 0.268228425 0.6164935320334262 0.2345847515625 0.678602139275766 0.23205714375 0.7702733259052924 0.2355410484375 0.776271086350975 0.23589965937500001 0.8128969415041782 0.2393835640625 0.8188946991643454 0.31489385937500003 0.8348635013927577
0 0.3764685390625 0.826841270194986 0.380012209375 0.8389433398328691 0.397252428125 0.850619200557103 0.46237077812500005 0.8546990389972144 0.51632019375 0.7675338941504178 0.519565025 0.7491144150417828 0.5160811203125 0.7431166545961003 0.5117006875000001 0.6455542590529247 0.49782483906249997 0.6276675376044568 0.43270648906250003 0.6235876991643454 0.42934212031249996 0.6297985598885794 0.41906971249999997 0.6301182144846796 0.40212833750000004 0.6489638941504178 0.3921547734375 0.6798050947075209 0.3922743109375 0.692013713091922 0.3788168390625 0.7168571532033426 0.3790559140625 0.7412743927576602 0.37569154843749997 0.7474852506963787 0.3764685390625 0.826841270194986
0 0.6334580390625 0.8371628662952646 0.66728101875 0.7933671922005572 0.673949984375 0.7748411587743733 0.6660856484375001 0.6712810055710307 0.6556339359375001 0.6532877325905292 0.59393971875 0.6491013426183844 0.5700305359375 0.6559515097493036 0.5530293937499999 0.6686928857938719 0.5463604281250001 0.6872189136490251 0.5226903187499999 0.7184863175487465 0.52736959375 0.8465702590529248 0.5309132671875 0.8586723259052925 0.5412454421875 0.8644569832869081 0.6064235625000001 0.8746411309192201 0.6166362015625 0.8682171671309191 0.6334580390625 0.8371628662952646
0 0.7470522093749999 0.8946897715877437 0.807909665625 0.8134158300835654 0.811274034375 0.8072049693593315 0.8109751921875 0.7766834233983286 0.8074912859375001 0.7706856657381616 0.80719244375 0.7401641197771589 0.7963223515625 0.6794406824512534 0.7106591843750001 0.6760001504178274 0.7004465453125001 0.6824241142061281 0.6871086125 0.7194761727019499 0.6769557421875 0.7320044456824513 0.660612053125 0.8118932200557104 0.6610902015625 0.8607276935933147 0.6646936421875 0.878934069637883 0.6785097234374999 0.8907164846796658 0.7470522093749999 0.8946897715877437
0 0.856863634375 0.915697373259053 0.8978934984375 0.9083144484679665 0.955446353125 0.8393556796657382 0.9621750890625 0.8269339610027855 0.9618762468750001 0.7964124150417827 0.95472913125 0.7661039693593314 0.9543107515625 0.7233738050139276 0.9472831749999999 0.7052739777158774 0.9198900875 0.7061263871866295 0.9164061828125 0.7001286295264624 0.8616200078125 0.7018334484679666 0.83777059375 0.7147879247910863 0.814160253125 0.7521596378830083 0.8079694343750001 0.8195201420612814 0.8046050671874999 0.8257310027855154 0.8155946984375 0.8986630584958218 0.856863634375 0.915697373259053