0 0.8 0.8711111109375 0.8488888890625 0.8977777781249999 0.8977777781249999 0.8977777781249999 0.9333333328125001 0.88444444375 0.9511111109374999 0.862222221875 0.95555555625 0.7733333328125 0.9466666671875 0.742222221875 0.91555555625 0.72 0.8533333328125 0.71555555625 0.8133333328125 0.7288888890624999 0.7911111109375 0.7688888890625 0.7911111109375 0.8444444437499999 0.8 0.8711111109375
0 0.6044444437500001 0.902222221875 0.6933333328125 0.902222221875 0.7333333328125 0.8711111109375 0.7333333328125 0.7733333328125 0.7111111109375 0.75555555625 0.67555555625 0.7511111109375 0.662222221875 0.7244444437500001 0.64 0.71555555625 0.5822222218750001 0.7288888890624999 0.5599999999999999 0.76 0.5733333328125 0.8888888890625 0.6044444437500001 0.902222221875
0 0.013333332812500001 0.8577777781249999 0.035555556249999995 0.8755555562499999 0.0888888890625 0.902222221875 0.097777778125 0.9111111109375001 0.11555555625 0.9199999999999999 0.13333333281249998 0.9199999999999999 0.19555555625 0.8800000000000001 0.21777777812500002 0.8711111109375 0.23555555625000002 0.8533333328125 0.23555555625000002 0.76 0.21777777812500002 0.742222221875 0.20888888906249997 0.742222221875 0.1288888890625 0.6933333328125 0.12 0.6933333328125 0.0266666671875 0.7466666671875 0.013333332812500001 0.76 0.013333332812500001 0.8577777781249999
0 0.35111111093749997 0.7111111109375 0.337777778125 0.72 0.31555555625 0.7511111109375 0.29333333281249996 0.76444444375 0.2888888890625 0.7911111109375 0.262222221875 0.8133333328125 0.262222221875 0.8755555562499999 0.35111111093749997 0.9288888890625 0.37333333281250003 0.9288888890625 0.4 0.91555555625 0.44444444375 0.88444444375 0.52 0.8444444437499999 0.5333333328125 0.8266666671875 0.5333333328125 0.7866666671875 0.5288888890625 0.7733333328125 0.497777778125 0.7511111109375 0.4933333328125 0.737777778125 0.48 0.7244444437500001 0.46666666718750005 0.72 0.44444444375 0.6977777781250001 0.42222222187499997 0.68444444375 0.4 0.68444444375 0.36 0.7111111109375 0.35111111093749997 0.7111111109375
0 0.6888888890625 0.44444444375 0.5822222218750001 0.502222221875 0.56444444375 0.52 0.56444444375 0.5688888890625 0.577777778125 0.5822222218750001 0.5866666671874999 0.5822222218750001 0.6133333328125 0.6 0.63555555625 0.59555555625 0.657777778125 0.577777778125 0.6799999999999999 0.5688888890625 0.79555555625 0.497777778125 0.79555555625 0.44000000000000006 0.75555555625 0.41333333281250006 0.737777778125 0.41333333281250006 0.6888888890625 0.44444444375
0 0.46666666718750005 0.37333333281250003 0.44444444375 0.37333333281250003 0.41333333281250006 0.39555555625 0.3688888890625 0.41777777812499994 0.36 0.4266666671875 0.27555555625 0.4711111109375 0.2666666671875 0.48444444375 0.2666666671875 0.5466666671875 0.27999999999999997 0.5599999999999999 0.31555555625 0.577777778125 0.32444444375 0.5866666671874999 0.3466666671875 0.59555555625 0.35555555625 0.6044444437500001 0.377777778125 0.6088888890625 0.382222221875 0.6133333328125 0.42222222187499997 0.5866666671874999 0.4533333328125 0.5733333328125 0.47555555624999996 0.5555555562500001 0.48444444375 0.5555555562500001 0.5377777781249999 0.52 0.5599999999999999 0.5111111109375 0.56444444375 0.5066666671875 0.56444444375 0.43555555625000003 0.4888888890625 0.3866666671875 0.47555555624999996 0.382222221875 0.46666666718750005 0.37333333281250003
0 0.022222221875 0.43555555625000003 0.022222221875 0.44888888906249996 0.017777778124999997 0.4533333328125 0.017777778124999997 0.5377777781249999 0.022222221875 0.5511111109375 0.035555556249999995 0.56444444375 0.11555555625 0.6088888890625 0.1288888890625 0.6088888890625 0.2266666671875 0.5511111109375 0.2266666671875 0.43555555625000003 0.18222222187499998 0.40444444375 0.12 0.37333333281250003 0.057777778125 0.41333333281250006 0.035555556249999995 0.42222222187499997 0.022222221875 0.43555555625000003
0 0.8222222218749999 0.5822222218750001 0.8800000000000001 0.617777778125 0.902222221875 0.617777778125 0.9333333328125001 0.59555555625 0.9511111109374999 0.5911111109375 0.96444444375 0.577777778125 0.96 0.462222221875 0.96444444375 0.457777778125 0.96444444375 0.40888888906250004 0.9466666671875 0.3911111109375 0.8888888890625 0.36444444374999996 0.8400000000000001 0.3911111109375 0.8222222218749999 0.40888888906250004 0.8222222218749999 0.5822222218750001
0 0.022222221875 0.23555555625000002 0.017777778124999997 0.24 0.0488888890625 0.2533333328125 0.057777778125 0.262222221875 0.1066666671875 0.2888888890625 0.12444444375 0.2888888890625 0.20888888906249997 0.24 0.20888888906249997 0.13333333281249998 0.19555555625 0.12 0.11555555625 0.07555555625 0.035555556249999995 0.12 0.022222221875 0.13333333281249998 0.022222221875 0.23555555625000002
0 0.6666666671875 0.0933333328125 0.63555555625 0.1066666671875 0.6088888890625 0.1288888890625 0.5911111109375 0.13333333281249998 0.5466666671875 0.16 0.5333333328125 0.17333333281250002 0.5333333328125 0.27999999999999997 0.542222221875 0.2888888890625 0.5733333328125 0.30222222187500003 0.6977777781250001 0.2311111109375 0.7111111109375 0.21777777812500002 0.737777778125 0.20888888906249997 0.7466666671875 0.2 0.7466666671875 0.0888888890625 0.7244444437500001 0.0711111109375 0.6977777781250001 0.0711111109375 0.6666666671875 0.0933333328125
0 0.28444444375 0.102222221875 0.27555555625 0.1111111109375 0.27555555625 0.2266666671875 0.29333333281249996 0.24 0.36444444374999996 0.27555555625 0.3866666671875 0.29333333281249996 0.41777777812499994 0.297777778125 0.44888888906249996 0.28444444375 0.4888888890625 0.2533333328125 0.4888888890625 0.15111111093750001 0.4533333328125 0.12 0.4311111109375 0.1066666671875 0.42222222187499997 0.1066666671875 0.3866666671875 0.08 0.35111111093749997 0.0666666671875 0.32444444375 0.08 0.3111111109375 0.0933333328125 0.28444444375 0.102222221875
0 0.7866666671875 0.2711111109375 0.79555555625 0.27999999999999997 0.8488888890625 0.3066666671875 0.8577777781249999 0.31555555625 0.8800000000000001 0.32 0.9466666671875 0.27999999999999997 0.942222221875 0.2711111109375 0.942222221875 0.097777778125 0.9199999999999999 0.08 0.8977777781249999 0.0711111109375 0.8666666671875 0.0488888890625 0.8488888890625 0.0488888890625 0.8 0.07555555625 0.7866666671875 0.0888888890625 0.7866666671875 0.2711111109375
0 0.0488888890625 0.42222222187499997 0.04 0.4311111109375 0.0266666671875 0.43555555625000003 0.0266666671875 0.5466666671875 0.035555556249999995 0.5555555562500001 0.057777778125 0.56444444375 0.11555555625 0.6 0.13333333281249998 0.6 0.15555555625 0.5822222218750001 0.1866666671875 0.5688888890625 0.21777777812500002 0.5466666671875 0.222222221875 0.5377777781249999 0.222222221875 0.44000000000000006 0.18222222187499998 0.41333333281250006 0.12 0.382222221875 0.102222221875 0.39555555625 0.08 0.40444444375 0.057777778125 0.42222222187499997 0.0488888890625 0.42222222187499997