0 0.7049684328125 0.076813925 0.636808003125 0.0732417875 0.6093624203125 0.0813403046875 0.599270153125 0.09193775 0.584608871875 0.189717140625 0.5665550828125 0.4128876484375 0.5745009343749999 0.503904428125 0.5610431171875 0.76069488125 0.5783964328125 0.7631938093749999 0.5818989765625 0.75701945 0.596463703125 0.60042424375 0.59494816875 0.5383551 0.6214732093750001 0.5174925 0.675367503125 0.5203169812499999 0.6852666640625 0.3920879015625 0.69919376875 0.36897559062499996 0.7298096046875 0.36104321875 0.734980346875 0.35336680625 0.75445311875 0.1334496234375 0.7513591984375 0.10149787968749999 0.7362555921875 0.0864010140625 0.7049684328125 0.076813925
0 0.6904374078125 0.3844114890625 0.6769526296875 0.520400053125 0.6797142578125001 0.5586923015624999 0.6517680453125 0.9402923624999999 0.6715439578125 0.9572235734375001 0.698241884375 0.96339119375 0.7254382484375 0.960048053125 0.731024359375 0.9444460093749999 0.759691265625 0.4277779265625 0.769610646875 0.3901502625 0.7809557500000001 0.38597639375 0.7797859875 0.377967690625 0.7311455109375 0.365881671875 0.7006127484375 0.3722289171875 0.6904374078125 0.3844114890625
0 0.793013309375 1 0.8016971953124999 0.991065775 0.8057812500000001 0.9737955328125001 0.8369403453125001 0.4095736609375 0.8250069921875 0.3946429421875 0.782457803125 0.38764459375000004 0.768613771875 0.4091717765625 0.76069488125 0.4389568828125 0.731363390625 0.968305978125 0.74279830625 0.9927474546875 0.7572627765625 1 0.793013309375 1
0 0.604874290625 0.53092790625 0.5994543296875 0.5433596984375 0.5715081171875 0.924959759375 0.5816901984375 0.9429776578125001 0.6065537812499999 0.9538175828125001 0.633999365625 0.9457190656250001 0.641585965625 0.9222744640625 0.668203009375 0.5660364234374999 0.6734568249999999 0.556774884375 0.674121409375 0.5440938734375 0.6652752343749999 0.5309144265625 0.648254209375 0.5220749921875 0.6244773171875 0.5208288984375 0.604874290625 0.53092790625
0 0.43404883906249997 0.302627096875 0.41469503281250003 0.3079707265625 0.404353546875 0.32332355 0.37409477343750003 0.8097080890624999 0.37835845468749996 0.8496685375 0.41064922968750006 0.870434584375 0.44410302812499997 0.8690088640625 0.4675408890625 0.8463949906250001 0.5013785390625001 0.32205049531249996 0.49395134531249996 0.3121243734375 0.46583443750000003 0.3027034296875 0.43404883906249997 0.302627096875
0 0.4966568609375 0.4728036359375 0.47179782968749995 0.85615496875 0.47730760468750005 0.8723385218749999 0.4958306828125 0.8828461546874999 0.5196906484375 0.8825071234375 0.53954289375 0.8676527359374999 0.5633152375 0.4747075734375 0.54654343125 0.4611127609375 0.519596284375 0.45970052031249997 0.4966568609375 0.4728036359375
0 0.3166103125 0.42045183750000004 0.290583709375 0.4318036796875 0.269476440625 0.804225275 0.273650309375 0.8155703765625001 0.2875010796875 0.824243665625 0.31611642500000003 0.8241538515625001 0.3377199421875 0.8062122859375 0.3554144796875 0.4685803953125 0.3553246671875 0.4399650484375 0.3479805453125 0.4284538015625 0.3166103125 0.42045183750000004
0 0.30298071718749997 0 0.2924067640625 0.0027396453125 0.2670514828125 0.03161095 0.255497603125 0.2217430265625 0.25833556406249997 0.2282496765625 0.28344836562500003 0.23433422343750002 0.306228384375 0.25460183281250004 0.3101530328125 0.2707023140625 0.30150670625 0.405354971875 0.30885082656249996 0.4168662203125 0.3499810359375 0.4206112421875 0.3534005078125 0.41602200937499995 0.36045496718750003 0.2510858078125 0.3738836359375 0.2374842546875 0.40433332499999997 0.23272213593750002 0.408002015625 0.2233775234375 0.41972204062499996 0.030075195312500004 0.40929074062500004 0.016812675 0.38459330468749997 0.0028024984375 0.363011446875 0 0.30298071718749997 0
0 0.51249009375 0.0190421640625 0.46293581406250006 0.0243925328125 0.4445856234375 0.04091511875 0.4389164421875 0.058102290625 0.429363053125 0.24039180781249997 0.43837537343750005 0.2504010046875 0.44547701406250007 0.2968681015625 0.48961133125 0.3039495234375 0.5047980109375 0.3174612625 0.5087226593749999 0.33356174375 0.5002357390625 0.434843678125 0.5250993203125 0.4456836015625 0.5301869906250001 0.439592315625 0.5572172109375 0.4394194296875 0.5926736890625001 0.0661603671875 0.5902510921874999 0.0517280828125 0.5753136328124999 0.033460965625 0.51249009375 0.0190421640625
0 0.2247291015625 0.29324659375 0.20281132500000001 0.772120865625 0.2064867546875 0.7929767265625001 0.220005234375 0.8079905187499999 0.2582144109375 0.8068140171874999 0.26688769843750004 0.7929632453125001 0.2969668453125 0.2493480171875 0.28011196875 0.23733832968750002 0.24991149531249998 0.23734507031250002 0.2247291015625 0.29324659375
0 0.1655675140625 0.23928270937499999 0.149473771875 0.2734078296875 0.12696774375 0.733177515625 0.13965549531250002 0.7640425703125 0.1709426546875 0.773629659375 0.201558490625 0.7656972890625 0.2278028015625 0.234596921875 0.205860253125 0.22867852187499998 0.1787469609375 0.23043653437499997 0.1655675140625 0.23928270937499999