2 0.9567086890625 0.9437254821428571 0.9604221640624999 0.38447041071428567 0.9366754625 0.25631360714285717 0.9182058046874999 0.25631360714285717 0.9102902374999999 0.3316999642857143 0.9023746703125 0.3543158705357143 0.897097625 0.3995476830357143 0.9000293171875 0.9409333973214286 0.915176390625 0.9507057008928571 0.9567086890625 0.9437254821428571
2 0.8680738781249999 0.5804749330357143 0.8733509234374999 0.5352431205357143 0.8733509234374999 0.37693177678571427 0.85361086875 0.23872345982142856 0.8416886546875 0.24123633482142856 0.8337730875 0.24123633482142856 0.8126649078125 0.34677723214285716 0.8145216468750001 0.9479136160714285 0.87608716875 0.9562898750000001 0.8759894453125 0.7990953616071429 0.8680738781249999 0.5804749330357143
2 0.7862796828125 0.91971353125 0.7862796828125 0.4824726741071429 0.7836411609375 0.4221635892857143 0.76253298125 0.2940067857142857 0.76253298125 0.23369770089285713 0.744063325 0.23369770089285713 0.744063325 0.2940067857142857 0.7229551453124999 0.4297022232142857 0.7221733609375 0.9465175714285714 0.7334115125 0.9660621785714286 0.7793413453125 0.9632700937500001 0.7862796828125 0.91971353125
2 0.59317893125 0.9562898750000001 0.600996775 0.9534977857142858 0.6015831140625 0.9121748973214286 0.598944590625 0.7312476428571429 0.5883905015625001 0.6784771964285714 0.5883905015625001 0.6257067455357143 0.5672823218749999 0.6257067455357143 0.5646438 0.69355446875 0.5593667546875001 0.7237090089285714 0.5593667546875001 0.7538635491071428 0.5567282328125 0.7614021875 0.5599530921875 0.9534977857142858 0.59317893125 0.9562898750000001
2 0.670184696875 0.28646814732142856 0.6675461734375 0.17338861607142858 0.6464379953125 0.17338861607142858 0.643799471875 0.28646814732142856 0.6279683375 0.4297022232142857 0.6293364625 0.9479136160714285 0.6948109046875001 0.9534977857142858 0.6939313984375 0.5050885803571429 0.670184696875 0.28646814732142856
2 0.51842079375 0.9590819598214286 0.5277044859375 0.9590819598214286 0.5329815296875 0.9347908035714285 0.5356200531249999 0.9272521651785715 0.5356200531249999 0.7086317366071428 0.522427440625 0.6181681116071429 0.522427440625 0.5578590267857143 0.50659630625 0.5578590267857143 0.50659630625 0.6181681116071429 0.496042215625 0.6784771964285714 0.49936480000000005 0.9562898750000001 0.51842079375 0.9590819598214286
2 0.436822046875 0.9333947589285714 0.44073096874999995 0.9590819598214286 0.464673115625 0.9646661383928572 0.47346819062499995 0.9604780044642858 0.4737613609375 0.6469266116071429 0.463207271875 0.601694799107143 0.463207271875 0.5564629866071429 0.45793022656250004 0.5263084419642857 0.44737613749999994 0.5338470803571428 0.4447376140625 0.601694799107143 0.434183525 0.6469266116071429 0.434183525 0.925856125 0.436822046875 0.9333947589285714
2 0.40945959062500004 0.9534977857142858 0.40945959062500004 0.6284988303571428 0.3989055015625 0.5606511116071429 0.3989055015625 0.5078806651785714 0.37779732187500004 0.5078806651785714 0.37779732187500004 0.5681897455357142 0.36724323281250004 0.6435761026785715 0.3698817546875 0.94930965625 0.40945959062500004 0.9534977857142858
2 0.30391869374999997 0.6633999241071429 0.30587315625 0.9576859196428572 0.3425193015625 0.9562898750000001 0.3434965296875 0.5880135714285714 0.332942440625 0.5352431205357143 0.332942440625 0.49754994196428576 0.31447278437500004 0.49754994196428576 0.31447278437500004 0.5352431205357143 0.301280171875 0.5955522053571428 0.301280171875 0.6558612901785714 0.30391869374999997 0.6633999241071429
2 0.2353171109375 0.6846197901785714 0.23004006562499998 0.7223129642857142 0.2330694796875 0.9548938348214285 0.27411316406249997 0.9534977857142858 0.274894946875 0.6921584241071429 0.272256425 0.6846197901785714 0.274894946875 0.5564629866071429 0.261702334375 0.48107662946428575 0.243232678125 0.48107662946428575 0.2353171109375 0.5489243482142857 0.23004006562499998 0.5640016205357143 0.2353171109375 0.6318493392857143 0.2353171109375 0.6846197901785714
2 0.20580474999999998 0.5955522053571428 0.195250659375 0.5427817544642857 0.1926121375 0.4824726741071429 0.17414247968750002 0.4900113080357143 0.17414247968750002 0.5503203928571428 0.1662269125 0.5880135714285714 0.1666178046875 0.9479136160714285 0.1729698046875 0.9548938348214285 0.208150103125 0.9521017410714286 0.20580474999999998 0.5955522053571428
2 0.10124108125 0.6784771964285714 0.098602559375 0.8594044464285714 0.10456366718750001 0.9534977857142858 0.1441415046875 0.9562898750000001 0.1460959625 0.8669430848214287 0.13818039531249998 0.7614021875 0.14345744062500002 0.7010931026785715 0.14345744062500002 0.5578590267857143 0.130264828125 0.49754994196428576 0.130264828125 0.4523181294642857 0.12234926093750001 0.43724086160714287 0.11179517187500002 0.4523181294642857 0.11179517187500002 0.5050885803571429 0.10124108125 0.5578590267857143 0.098602559375 0.6332453839285714 0.10124108125 0.6407840178571428 0.098602559375 0.6633999241071429 0.10124108125 0.6784771964285714
2 0.07651715 0.9950998883928571 0.07915567343749999 0.98756125 0.073878628125 0.6633999241071429 0.07651715 0.5804749330357143 0.0633245375 0.5050885803571429 0.0633245375 0.4523181294642857 0.05277044843749999 0.4221635892857143 0.042216359375 0.4523181294642857 0.042216359375 0.5126272142857143 0.03166226875 0.5729362991071428 0.03166226875 0.9950998883928571 0.07651715 0.9950998883928571