2 0.9343536546875001 1 0.9551781546875 0.93368140625 0.9999928015625 0.3752099732142857 0.959319365625 0.3388667142857143 0.9434171515625 0.3378549732142857 0.893547740625 0.8738611964285715 0.8948695234375 0.9225532276785715 0.9007752578125 0.9506354910714286 0.90158981875 1 0.9343536546875001 1
2 0.83712429375 1 0.8679844234375 0.8795259866071429 0.881715125 0.7221807321428572 0.8803933421875 0.6734887008928572 0.90722205 0.46180676785714286 0.9209530140625001 0.30564071875 0.8590367015625 0.2703763348214286 0.8050533703125 0.8665296830357143 0.8168789359374999 0.9863715044642857 0.8247461984375001 0.9919758705357143 0.83327855 1 0.83712429375 1
2 0.7454197296875 0.9434248169642857 0.7506504734375 0.8834837723214285 0.7827451703125 0.7710540223214286 0.7905983359375 0.7129810982142857 0.8285212281250001 0.2784084955357143 0.825402990625 0.23020526785714288 0.77999560625 0.19491104464285716 0.7671308875 0.2063795625 0.7230833328124999 0.7205945669642857 0.7322935265625 0.8704069151785714 0.7270627828125 0.9303479598214286 0.7454197296875 0.9434248169642857
2 0.6063397859374999 0.4305118973214285 0.6109166859374999 0.3780634821428572 0.6259832703125 0.3330875580357143 0.6442979234374999 0.1551325357142857 0.647299190625 0.11364667857142856 0.6397712203125 0.10533644642857143 0.6065059749999999 0.08458699107142857 0.586639909375 0.2732270669642857 0.5886084859375 0.2825878214285714 0.5859931140625 0.3125583482142857 0.588622584375 0.34626511607142857 0.58536041875 0.4155669151785714 0.6063397859374999 0.4305118973214285
2 0.6457818343749999 0.9361134464285714 0.6582119 0.8255921026785714 0.7007751328125 0.62511890625 0.7405408203125 0.18006882142857145 0.67498160625 0.13926179464285715 0.62867618125 0.6533421473214285 0.6319876921875001 0.8069108794642857 0.6248024671875 0.9211684642857143 0.6457818343749999 0.9361134464285714
2 0.5610836406249999 0.31073050446428574 0.5800450875000001 0.09344420089285714 0.5780765078125001 0.08408345089285715 0.5749384937500001 0.05620428125 0.5657114578125 0.049631254464285714 0.5465295859375 0.03891430357142857 0.5191319562500001 0.3126791875 0.5243908953124999 0.38009272767857144 0.5191601515625 0.44003377678571426 0.5348946765625 0.45124251339285715 0.5401254203125 0.3913014642857143 0.5610836406249999 0.31073050446428574
2 0.4870523859375 0 0.48238275625 0.017388281250000002 0.4791064921875 0.023012785714285715 0.454914303125 0.3002401339285714 0.461480928125 0.35266841517857145 0.45821876250000004 0.4219702142857143 0.46805460312499997 0.43693533928571426 0.4759148171875 0.41070105803571433 0.479837875 0.36574527232142856 0.49425061562500006 0.3282619776785714 0.52115425625 0.016416455357142857 0.5127761015625001 0.0060268080357142855 0.499941425 0 0.4870523859375 0
2 0.4128097828125 0 0.3880919140625 0.25617523214285715 0.39204316875 0.33857403124999996 0.386812425 0.39851508035714284 0.40779179218749995 0.4134600625 0.41236869218749994 0.36101164732142854 0.42874296406249995 0.3010504553571428 0.455014071875 0 0.4128097828125 0
2 0.3449546609375 0 0.326873178125 0.1916374375 0.3235969140625 0.19726194642857142 0.318366171875 0.2572029955357143 0.32624753125 0.32648465625 0.322978315625 0.3639478125 0.3413352625 0.37702467410714285 0.3446044765625 0.3395615133928572 0.3596710609375 0.29458558928571427 0.384549296875 0 0.3449546609375 0
2 0.266732 0 0.2585550546875 0.08077647321428572 0.26053068125 0.121975875 0.25595378125 0.17442429464285714 0.244824353125 0.23812172767857143 0.2487615078125 0.25684323660714287 0.25074418593750003 0.32988128125 0.26910113125 0.3429581428571429 0.28875166406249997 0.27737244642857145 0.297244575 0.1481295982142857 0.3005208375 0.14250508482142857 0.31250468124999997 0 0.266732 0
2 0.198432765625 0 0.18348323125 0.16907541964285716 0.188081278125 0.2121429419642857 0.182850534375 0.2720839910714286 0.20055363750000002 0.2926534776785714 0.208406803125 0.23458055357142857 0.2234733859375 0.189604625 0.24135016718750002 0 0.198432765625 0
2 0.1291248984375 0 0.1267400890625 0.033152669642857145 0.1228099828125 0.0462698125 0.1234708734375 0.07061582589285714 0.12019461093749999 0.07624033928571429 0.1162786015625 0.15303476785714287 0.12219138437499999 0.21295567857142858 0.117614484375 0.26540409375 0.12679648125 0.2878618526785714 0.1359714296875 0.27848095535714285 0.1398944875 0.23352516964285713 0.1582373359375 0.18292473214285715 0.170660353125 0.040564741071428566 0.1706513703125 0 0.1291248984375 0
2 0.0561800078125 0 0.048432078125 0.08878641964285715 0.05369101875 0.15619995535714287 0.048460275000000004 0.2161410089285714 0.0563345859375 0.25358402232142857 0.0694396421875 0.23108599107142855 0.0740165421875 0.17863757142857145 0.09366707656249999 0.113051875 0.098236928125 0.028764812499999997 0.10125029375000001 0 0.0561800078125 0