1 0.1422188515625 0.64874105 0.0424560390625 0.67538464375 0.0243502 0.7082240796875 0.035705459375 0.789020953125 0.0828295734375 0.800988096875 0.34490267812500003 0.76163155625 0.367652065625 0.707942959375 0.35439047968750004 0.6315451171875 0.32824204687499997 0.6251217640625 0.1422188515625 0.64874105
1 0.337114265625 0.45472873593749996 0.139448725 0.46736140312499996 0.029087365625 0.4904453875 0.015932867187499998 0.5225889578125 0.031670123437499996 0.5986388671875 0.07089277187500001 0.6082738984375 0.1285290515625 0.605222784375 0.34391235625 0.5749526359375 0.3501082 0.4932956609375 0.3419853234375 0.48938811875 0.337114265625 0.45472873593749996
1 0.12035256406249999 0.31352191875 0.02024181875 0.3376898421875 0.0099109234375 0.3719611515625 0.02708005 0.44023611718750005 0.10200588125000001 0.45242709999999997 0.32798773125 0.42571655937499997 0.3432699671875 0.3907493859375 0.32436117656249996 0.3100960671875 0.257558221875 0.301812628125 0.12035256406249999 0.31352191875
1 0.6165705375 0.2336847546875 0.5911581109374999 0.21453511875000003 0.5077213328125 0.2136385484375 0.397748046875 0.22152057812499998 0.327693275 0.24398897968750002 0.32583318906250003 0.2846435 0.3409147203125 0.3380644453125 0.3755339609375 0.3508710109375 0.44059725156249996 0.3467761 0.6039914828125 0.3238125390625 0.6284805328124999 0.28250229375 0.6165705375 0.2336847546875
1 0.5759829640625 0.35804370625000004 0.38678823281249997 0.377059584375 0.35599625156250003 0.3914853921875 0.34810088437500003 0.4430863921875 0.361790684375 0.48660465625000004 0.406660540625 0.5004951609375 0.47632723749999994 0.4932287140625 0.631946525 0.46883328124999996 0.6511764437500001 0.40806560625 0.63323116875 0.370194546875 0.5759829640625 0.35804370625000004
1 0.40449266093749997 0.5209963875 0.36944520625 0.5410694 0.35524690937500003 0.5657859609375 0.36464109375 0.63262905625 0.39926033437499997 0.6454356203125 0.6524745578125 0.6148978203125 0.672708134375 0.57923478125 0.6717446171875 0.536452521875 0.6304745125 0.4942858484375 0.40449266093749997 0.5209963875
1 0.7065780328125 0.766341915625 0.705266584375 0.7210839874999999 0.6891011140625001 0.6779136546875 0.6544818718750001 0.6651070890625 0.391324828125 0.7147142453125 0.378558403125 0.7316558625 0.3788661953125 0.75180915625 0.3917798484375 0.8257313296875 0.40272632656249996 0.8317666078125001 0.46635774531249996 0.835446640625 0.6941595421875 0.785759203125 0.7065780328125 0.766341915625
1 1 0.7283509328125 0.9715550234375 0.6937578625 0.9199540234375 0.685862496875 0.7278955484375 0.7204282625 0.71334931875 0.742669153125 0.7288189234375 0.7808881453125001 0.6810451843750001 0.8002251515625 0.695470990625 0.83101713125 0.7124126078125 0.84378355625 0.7459880515624999 0.8491631109375 0.9801329203125 0.8086824890625 1 0.7909877437499999 1 0.7283509328125
1 0.94147224375 0.5515607250000001 0.8944746515625001 0.5404938234375 0.7017203109375 0.5701082468750001 0.6510426859375 0.6226727640624999 0.6583894140625 0.6569842140625 0.6954843265624999 0.669442846875 0.7159454125 0.6892883484375 0.92177396875 0.6628856 0.9607289671875 0.6346897125 0.9629771281249999 0.5788332375 0.94147224375 0.5515607250000001
1 0.8870208343750001 0.397640959375 0.675545071875 0.4197882328125 0.6567835093750001 0.42999870468749996 0.636161859375 0.4808636984375 0.679171628125 0.5354087234375 0.9147082265625001 0.5048307828125 0.9374174734375 0.46881981093749997 0.9308067515625 0.42178207656250005 0.9156449375 0.4037163796875 0.8870208343750001 0.397640959375
1 0.8633882140625 0.37319205 0.8871011171875001 0.3622857109375 0.907682625 0.3290983421875 0.9095025718749999 0.30612144531249996 0.8912093640625001 0.265774715625 0.8671886687500001 0.256527759375 0.6649197203125 0.2723319609375 0.6366034093749999 0.286409834375 0.60716301875 0.328415946875 0.6078187421875 0.3510449109375 0.638182509375 0.36949868124999996 0.6540401874999999 0.3925157203125 0.7640134734374999 0.3846336890625 0.8633882140625 0.37319205
1 0.69386495 0.136986390625 0.5958819421875 0.1583307109375 0.5816435046875 0.20072489531249998 0.614830875 0.2213064046875 0.635947684375 0.2637808703125 0.8329173593749999 0.2461968640625 0.8626655421875 0.22434404687499998 0.87446845 0.164620171875 0.8444927578125 0.1309644453125 0.69386495 0.136986390625