1 0 0.7045542828125 0.0438737859375 0.7243170812499999 0.306176575 0.7310001421875 0.3191499671875 0.7141158875 0.32027297187500003 0.6819572734375 0.33298720937500004 0.6724942390625 0.337793340625 0.605789653125 0.3134014828125 0.59503084375 0.06850125625 0.5864787406249999 0.0261021421875 0.5949051562500001 0 0.6285102124999999 0 0.7045542828125
1 0.028780073437499998 0.5182192265625 0.0776501734375 0.5372631015625 0.1245648421875 0.5413781531249999 0.3397801921875 0.5488936390625 0.3611250390625 0.5050574046875 0.3513478875 0.4304132890625 0.15149328281250002 0.4085736765625 0.0398294578125 0.4145813140625 0.023518478125 0.45611657812499995 0.028780073437499998 0.5182192265625
1 0.1543754078125 0.25511543125 0.087411665625 0.25773051874999997 0.057294865625000004 0.2690625984375 0.0464496734375 0.29592819375 0.051624884375 0.36050458124999996 0.08317880625 0.3789437625 0.15465810156249998 0.3888701421875 0.3524708921875 0.398254675 0.3684363328125 0.3666143671875 0.3637794296875 0.28719554375 0.314822946875 0.270625409375 0.1543754078125 0.25511543125
1 0.6619239640625 0.2604556359375 0.6452988656249999 0.240061025 0.5344988890625 0.221331265625 0.448090771875 0.213360315625 0.3783941359375 0.22331023593750002 0.36967714375 0.26015717656250004 0.37511150937500004 0.31731234375 0.40666543125 0.335751525 0.4708098921875 0.3429450125 0.626482721875 0.353334740625 0.6415843156250001 0.3464318296875 0.6650573609375 0.3125769390625 0.6619239640625 0.2604556359375
1 0.5934602578125 0.3769491328125 0.41561015625 0.3633082015625 0.3806322609375 0.371993771875 0.3612428453125 0.4307588296875 0.369928415625 0.465736725 0.4112909109375 0.486995184375 0.48046923750000003 0.4918877015625 0.636401221875 0.49485620937499997 0.6655992093750001 0.4389104328125 0.6546126703125 0.398898671875 0.6255324875 0.3805458765625 0.5934602578125 0.3769491328125
1 0.349847921875 0.5442916999999999 0.3476883 0.6061351921875 0.388964409375 0.6298673906250001 0.6288307718749999 0.6407204656250001 0.649225384375 0.6240953671875 0.6635809359375 0.5676312796875 0.6379247265625 0.52215373125 0.405652353125 0.5066123328125001 0.3705016875 0.52024538125 0.349847921875 0.5442916999999999
1 0.35950726718750003 0.6932343890625 0.34414651875 0.70755851875 0.3409817 0.72726205 0.3408638921875 0.8015606265624999 0.350499696875 0.809327384375 0.41191126406249995 0.8238557046875 0.6425737484375 0.814573321875 0.6580208796875 0.797775453125 0.6561832562500001 0.70854805625 0.6246293359374999 0.6901088750000001 0.35950726718750003 0.6932343890625
1 0.931255246875 0.7751191765625001 0.8799114078124999 0.7559889156249999 0.686700559375 0.7566721140625 0.6714261968749999 0.7685225015625 0.6654421 0.7980346078125 0.627213 0.82889745 0.6336839859375 0.8563677421874999 0.65039546875 0.8742886140625 0.684682284375 0.8853929609375 0.91747296875 0.8860919218750001 0.9504090484375001 0.86495126875 0.9523095171874999 0.8105289953125 0.931255246875 0.7751191765625001
1 0.6894962984374999 0.605687609375 0.6669734875 0.6123313640625 0.6383801921875001 0.650960965625 0.6445056375 0.6883262140624999 0.6804023453125 0.72425434375 0.9031252999999999 0.7295552437499999 0.9363205328124999 0.7009933703125 0.9402628171874999 0.65902618125 0.9239832578125 0.6287366109375 0.8923429515624999 0.6127711703125 0.6894962984374999 0.605687609375
1 0.6646489765625 0.46612156718750003 0.6383566515625 0.5097850328125 0.6710021546875 0.567890434375 0.9059210390624999 0.5785707390625 0.934255178125 0.5473623562500001 0.935896490625 0.5003613031249999 0.9242188718750001 0.48013946093750004 0.8973532765625001 0.46929427031250004 0.6873445578124999 0.4545303328125 0.6646489765625 0.46612156718750003
1 0.902277215625 0.32829110781250004 0.702336225 0.3089252328125 0.672305809375 0.317783571875 0.63637768125 0.3536802796875 0.6332128625 0.3733838125 0.6710649984375 0.42424076250000003 0.7648079515624999 0.434944609375 0.8785135921875 0.44139205312499996 0.9035101421875 0.434834684375 0.9321034375 0.3962050828125 0.9287972718749999 0.3490312578125 0.902277215625 0.32829110781250004
1 0.920834203125 0.2224386109375 0.906596459375 0.2046041234375 0.884505571875 0.1988791796875 0.7216706765625001 0.18080907968749999 0.6546205515625 0.18589790625 0.633189321875 0.2322078796875 0.6668714437500001 0.26062840625 0.6730832734375001 0.295519915625 0.7051555046875 0.299116659375 0.8781445109374999 0.31011108125 0.9138998703125001 0.279161853125 0.9247450640625001 0.25229625625 0.920834203125 0.2224386109375