1 0 0.370217040625 0.10765576267281106 0.357289759375 0.12081129723502304 0.3404193125 0.10611932488479263 0.2531167703125 0.07683882718894008 0.22534666093750003 0 0.23359949218749998 0 0.370217040625
1 0 0.5266847953125 0.0005444654377880185 0.52901593125 0.143755599078341 0.5118516750000001 0.16070932258064516 0.4868445453125 0.13957770967741936 0.396369278125 0.11293866359447005 0.379908575 0 0.392038690625 0 0.5266847953125
1 0.004817532258064516 0.547311121875 0.036265320276497696 0.681955228125 0.19009326497695853 0.66144963125 0.19768964516129034 0.6451762640625 0.18123670506912443 0.550334115625 0.1545976589861751 0.5338734140625 0.08144814285714286 0.5378656265624999 0.004817532258064516 0.547311121875
1 0.21794077188940095 0.7318817296875 0.04880323502304147 0.7356364671875 0.08437306221198156 0.8879291390624999 0.09369705529953917 0.8869277 0.23031926958525345 0.8580764562500001 0.24611625576036866 0.8525154203125 0.2733078064516129 0.8225443312499999 0.26565970276497697 0.7654002109375 0.21794077188940095 0.7318817296875
1 0.8113892235023041 0.7840738468749999 0.7817290253456222 0.6326846546875 0.7644473271889402 0.607490190625 0.3030373571428571 0.657047675 0.34530058294930877 0.8379982109374999 0.8020318801843318 0.7928076093749999 0.8113892235023041 0.7840738468749999
1 0.2766228433179724 0.5439535906249999 0.295113004608295 0.62311945 0.7184893617511521 0.5815113171874999 0.7556424884792627 0.5697921625 0.7251018064516129 0.4146331703125 0.7078201082949308 0.38943870625 0.2575284516129032 0.4378020328125 0.26429606912442394 0.49117635000000004 0.285099702764977 0.531450025 0.2766228433179724 0.5439535906249999
1 0.23435961751152073 0.3630030546875 0.24608216129032257 0.388794596875 0.239366267281106 0.40883776562499996 0.696097564516129 0.3636471640625 0.7054549101382489 0.3549134015625 0.6576325276497695 0.17455994531250002 0.19710304377880183 0.22788723125 0.20998232258064517 0.2342326796875 0.2261072857142857 0.2788732359375 0.23435961751152073 0.3630030546875
1 0.8376661958525345 0.28661213281250003 0.9534877442396312 0.2741723828125 0.9186154723502304 0.12486631249999999 0.7802102188940093 0.13820833125 0.7486162488479262 0.1493304046875 0.7336997488479262 0.158661246875 0.733423495391705 0.181877140625 0.7618752304147465 0.2792949375 0.8376661958525345 0.28661213281250003
1 0.993984168202765 0.4475583375 0.959126064516129 0.298312925 0.8151533202764977 0.3122163390625 0.789118504608295 0.3227413359375 0.7742020046082949 0.3320721765625 0.8023774884792627 0.45270586718750006 0.8550513456221198 0.458641571875 0.993984168202765 0.4475583375
1 1 0.4733151984375 0.998730900921659 0.467881534375 0.8658934055299539 0.48066331093750003 0.8129432949308756 0.4979435 0.8053469170506912 0.5142168671875 0.8211956267281106 0.58207331875 0.8373205898617512 0.626713875 0.8613181797235023 0.6318651671875 1 0.6183640640625 1 0.4733151984375
1 1 0.6401563484375 0.8999560230414747 0.650901515625 0.8525650668202764 0.6675846265625001 0.8760618778801843 0.7925851984375 0.9031383341013826 0.79999010625 1 0.7895867328125 1 0.6401563484375