1 0.34394432343750003 0.63591845625 0.3172781859375 0.6313117390625 0.07397011406250001 0.683028465625 0.034279504687500004 0.7017397453124999 0.032545157812499996 0.705665046875 0.0568491328125 0.8200062625 0.08356276093750001 0.8248364031250001 0.3435520421875 0.76700528125 0.35218359062500004 0.7471897249999999 0.3453925046875 0.7152401796875 0.3555912265625 0.70279759375 0.34394432343750003 0.63591845625
1 0 0.55255211875 0.0112744609375 0.605594284375 0.018085376562499998 0.6255523703125 0.07089526093750001 0.632308146875 0.118113140625 0.624840371875 0.33192932656249996 0.5793923390625 0.34218754218749997 0.5309753781250001 0.3142275203125 0.459857615625 0.1120229328125 0.48742535781249996 0.0035179203125 0.5207635890625 0 0.5477026765625 0 0.55255211875
1 0 0.4590849859375 0.0018559437500000001 0.464605565625 0.037462225 0.4750180796875 0.1103014609375 0.4672417078125 0.307436434375 0.42790807031250006 0.31539129374999997 0.3928241796875 0.2913018046875 0.31574631875 0.23901431093749997 0.3114482 0.0771770234375 0.335572996875 0.0118650578125 0.354592875 0 0.362784103125 0 0.4590849859375
1 0.5794649 0.3058692609375 0.5942703390624999 0.26676053906249997 0.5783848109374999 0.2161945171875 0.5570020796875 0.200189996875 0.4432731546875 0.2089516578125 0.3562103671875 0.22232003437499998 0.2900079203125 0.2492352734375 0.290470815625 0.2876673078125 0.309858784375 0.3426262515625 0.34546506718750003 0.3530387671875 0.4104089390625 0.344371909375 0.5662861296874999 0.31637658125 0.5794649 0.3058692609375
1 0.605181059375 0.3543457171875 0.5720324328124999 0.3434108109375 0.5395604984375 0.34774423906249996 0.361042 0.37798343125 0.3287243609375 0.39512753749999996 0.32405815 0.45776805156249994 0.34120225625 0.49008568906249994 0.3871615578125 0.5008662968750001 0.4564983546875 0.488697 0.6108083718749999 0.45332869843749996 0.62582760625 0.391056278125 0.605181059375 0.3543457171875
1 0.3864253734375 0.5215723375 0.35515251875 0.5436317578125001 0.340715171875 0.572387459375 0.3537749515625 0.6338288921874999 0.40025664687500007 0.6470671578125 0.63917179375 0.5988528703125 0.6551763140625 0.577470140625 0.655449603125 0.518332065625 0.6190123328125 0.4798405375 0.3864253734375 0.5215723375
1 0.68276824375 0.658940921875 0.6471619609375 0.64852840625 0.3868045875 0.71671255 0.3751929890625 0.734592840625 0.3769144625 0.7547764906250001 0.39504385468750003 0.8279838187499999 0.40644165781249997 0.833267225 0.47049504531249997 0.8324957328125 0.6954004359375 0.76670975 0.706489640625 0.746371803125 0.68276824375 0.658940921875
1 1 0.6891430734374999 0.99947325 0.686664909375 0.97004085625 0.6569592281250001 0.914773315625 0.6507258421875 0.7246432203125 0.698845325 0.7125092328125 0.714267959375 0.7138626140625 0.7448046296874999 0.6837888390625 0.784590040625 0.6969081140625 0.8100570984375001 0.7177684531249999 0.8236039609375 0.75426521875 0.8261211140625001 0.9837178312500001 0.7696433703125 1 0.7523680796875001 1 0.6891430734374999
1 0.9269314906250001 0.514569403125 0.8918476 0.5066145453125 0.6903197015625 0.5494506218749999 0.669767959375 0.5615251156250001 0.6510919875 0.606593934375 0.666300828125 0.6418916203125 0.7104791640625 0.6684629546874999 0.9311459281250001 0.618990090625 0.956826778125 0.5827071171875 0.9504037875 0.540404553125 0.9269314906250001 0.514569403125
1 0.8615489109375 0.364070421875 0.6510808671875 0.4011007015625 0.6315739078125 0.4180905078125 0.6164003765625 0.46755224999999995 0.6628225750000001 0.5167648921875 0.8968224093750001 0.46959538749999996 0.9170655546875001 0.431899540625 0.9071401218749999 0.38520405156250004 0.89067270625 0.36815474843749996 0.8615489109375 0.364070421875
1 0.87782671875 0.28354961875 0.8629859734374999 0.2378989125 0.8317726140625 0.22398395781249997 0.6300904171874999 0.25400935625 0.60268809375 0.27010867968749996 0.576116759375 0.314287015625 0.5778382328125 0.33447066406250003 0.627608571875 0.37526555156249997 0.7225667234375 0.362787659375 0.8361413499999999 0.341215321875 0.8591507484375001 0.3286184390625 0.87782671875 0.28354961875
1 0.8311554187500001 0.172741246875 0.8352397453125 0.1436174515625 0.8240557359375 0.11517034687500001 0.8056530546875 0.1011010921875 0.7824893562499999 0.1008872984375 0.61767201875 0.1230768296875 0.5528824453125 0.1445543640625 0.54314661875 0.1954289828125 0.583300125 0.2151497359375 0.5979865734375001 0.2479897640625 0.630458509375 0.2436563359375 0.8035393031250001 0.21200426874999997 0.8311554187500001 0.172741246875