1 0.9589851478060046 0.746688540625 0.8494439330254041 0.7389535453125 0.8292799584295611 0.7531447906250001 0.807193193995381 0.8425412171875 0.820265429561201 0.8674265906249999 0.935338404157044 0.8769858671874999 0.9589851478060046 0.746688540625
1 0.9880569260969977 0.5864984062499999 0.8785200669745958 0.5787394015625 0.851161986143187 0.6002661703125 0.8341418083140878 0.6940500593750001 0.8536989769053118 0.715507571875 0.9629961916859122 0.724587046875 0.9880569260969977 0.5864984062499999
1 1 0.42751779218749997 0.8953355127020785 0.4214733203125 0.8809472956120092 0.43614436718749994 0.8574421847575058 0.5333561171875 0.8769993533487298 0.5548136296874999 0.9513750461893765 0.5649586984375 0.9914747436489607 0.56766569375 1 0.5206901687500001 1 0.42751779218749997
1 1 0.2178047 0.9379883210161662 0.2187546953125 0.9199518683602771 0.22122295625000002 0.8803330946882217 0.24569778750000001 0.8639197251732103 0.30383291562500003 0.897258297921478 0.346268140625 1 0.3637604109375 1 0.2178047
1 0.32940609237875285 0.1800986234375 0.29526337182448037 0.3359253015625 0.30185067205542726 0.3642385375 0.7812386766743649 0.404061984375 0.8152790323325636 0.21649420937500002 0.34237596073903004 0.1732429 0.32940609237875285 0.1800986234375
1 0.7599634549653579 0.5212918453125 0.7748561108545035 0.43923094375 0.33660759353348735 0.3988584375 0.2947589330254042 0.40331515781249994 0.2599070346420323 0.5630494984375 0.266494337182448 0.5913627359375 0.7343308244803695 0.63022658125 0.7500350184757505 0.5759991125 0.746284415704388 0.5320552296875001 0.7599634549653579 0.5212918453125
1 0.7259231016166282 0.7088596218750001 0.7251115612009238 0.6810261875 0.7402089491916859 0.662447478125 0.2673058775981524 0.6191961703125 0.2543360115473441 0.6260518921875 0.226071415704388 0.8140994703125 0.7061685958429561 0.8500152546875 0.6960354249422632 0.8412403296875001 0.6987697551963048 0.793868584375 0.7259231016166282 0.7088596218750001
1 0 0.79928596875 0.14546424249422632 0.8113698906250001 0.15382324249422633 0.792231415625 0.1664860092378753 0.6901524015625 0.09423783602771363 0.6682843468749999 0 0.660455875 0 0.79928596875
1 0 0.6352870187499999 0.1273716789838337 0.6472373765625 0.1576688221709007 0.6418210546875 0.1764144457274827 0.6354451328125 0.19910801616628174 0.5103999484374999 0.1492537066974596 0.49435875781250005 0.005568903002309469 0.47845608281249996 0.00023535103926096998 0.47801301562500004 0 0.47930983749999995 0 0.6352870187499999
1 0.21582109237875288 0.3213927703125 0.03176711316397229 0.3042679734375 0.004066302540415704 0.4569038609375 0.14773299307159354 0.4704329859375 0.207618103926097 0.46350800468750003 0.22200631870669746 0.4488369578125 0.2347714503464203 0.37849904218749997 0.23750578060046187 0.331127296875 0.21582109237875288 0.3213927703125
1 0.03569405311778291 0.282629915625 0.18542158198614317 0.2950679953125 0.23953093533487296 0.2876632140625 0.2687094387990762 0.1591901671875 0.2419581662817552 0.14506817968750002 0.06367434180138568 0.1284540609375 0.03569405311778291 0.282629915625