1 0.20554428735632185 0.27573529375 0.2271805264367816 0.2647058828125 0.23258958850574715 0.0625 0.20554428735632185 0.02573529375 0.06490872183908046 0.02573529375 0.05409060229885058 0.0330882359375 0.03786342068965517 0.055147059374999995 0.03786342068965517 0.2647058828125 0.08113590344827586 0.2794117640625 0.20554428735632185 0.27573529375
1 0.4164976344827586 0.2794117640625 0.44895199540229885 0.2647058828125 0.4543610551724138 0.0588235296875 0.43272481379310346 0.0294117640625 0.3083164298850575 0.02573529375 0.2812711287356322 0.0294117640625 0.27045300919540227 0.0404411765625 0.25963488735632184 0.0588235296875 0.25963488735632184 0.2647058828125 0.2866801885057471 0.2794117640625 0.4164976344827586 0.2794117640625
1 0.6436781609195402 0.2794117640625 0.6653144022988505 0.2720588234375 0.6761325218390805 0.0735294125 0.65449628045977 0.0330882359375 0.5030425954022989 0.0294117640625 0.4814063563218391 0.0588235296875 0.4759972965517241 0.2205882359375 0.4814063563218391 0.268382353125 0.5084516574712643 0.2830882359375 0.6436781609195402 0.2794117640625
1 0.903313048275862 0.3014705875 0.9411764712643679 0.2794117640625 0.9465855310344827 0.268382353125 0.9844489517241379 0.0919117640625 0.9790398919540231 0.0588235296875 0.9628127103448276 0.03676470625 0.7680865448275862 0.0330882359375 0.7410412436781609 0.0514705875 0.735632183908046 0.10294117656249999 0.7680865448275862 0.2794117640625 0.8221771471264369 0.305147059375 0.903313048275862 0.3014705875
1 0.9411764712643679 0.6470588234375 0.9357674114942529 0.3455882359375 0.6761325218390805 0.3455882359375 0.6761325218390805 0.65073529375 0.7139959425287357 0.6580882359375 0.9303583494252873 0.6544117640625 0.9411764712643679 0.6470588234375
1 0.6328600413793104 0.625 0.6274509793103448 0.3455882359375 0.5138607172413794 0.3455882359375 0.4976335356321839 0.3529411765625 0.43813387356321837 0.3455882359375 0.3624070321839081 0.34926470625 0.3624070321839081 0.6470588234375 0.4002704528735632 0.6544117640625 0.6220419195402299 0.65073529375 0.6328600413793104 0.625
1 0.31913454942528735 0.3419117640625 0.29208925057471263 0.34926470625 0.2542258275862069 0.3455882359375 0.13522650344827586 0.3529411765625 0.0703177816091954 0.34926470625 0.059499662068965516 0.3419117640625 0.05409060229885058 0.6470588234375 0.3137254896551724 0.65073529375 0.32454361149425287 0.643382353125 0.31913454942528735 0.3419117640625
1 0.2001352275862069 0.97426470625 0.2271805264367816 0.9669117640625 0.23799864827586206 0.9485294124999999 0.23799864827586206 0.7463235296875 0.21636240689655173 0.6985294125 0.07572684137931034 0.6948529406249999 0.04327248045977011 0.6985294125 0.03245436091954023 0.7095588234375 0.021636241379310348 0.731617646875 0.02704530114942529 0.96323529375 0.05409060229885058 0.97426470625 0.2001352275862069 0.97426470625
1 0.486815416091954 0.9338235296875 0.486815416091954 0.8235294124999999 0.4814063563218391 0.731617646875 0.46517917471264364 0.6985294125 0.29208925057471263 0.6985294125 0.2812711287356322 0.7095588234375 0.27045300919540227 0.7279411765625 0.27586206896551724 0.96323529375 0.4759972965517241 0.96323529375 0.486815416091954 0.9338235296875
1 0.7031778229885058 0.9779411765624999 0.7302231241379311 0.96323529375 0.7248140643678161 0.7095588234375 0.7139959425287357 0.6948529406249999 0.6490872206896552 0.6911764703125 0.5517241379310345 0.6911764703125 0.5300878965517242 0.6985294125 0.5138607172413794 0.7352941171875 0.5192697770114942 0.96323529375 0.5463150781609196 0.9779411765624999 0.7031778229885058 0.9779411765624999
1 0.8059499655172414 0.981617646875 0.9303583494252873 0.981617646875 0.973630832183908 0.96323529375 0.968221772413793 0.71323529375 0.9519945908045977 0.6948529406249999 0.7734956045977012 0.6985294125 0.7572684252873563 0.731617646875 0.7572684252873563 0.9595588234375001 0.7626774850574712 0.9669117640625 0.8059499655172414 0.981617646875