1 0 0.627271084375 0.009963650000000001 0.63405484375 0.26212762343749996 0.685172540625 0.30071016093749997 0.6437453265624999 0.31397985781250004 0.5696422046875 0.29225697031250003 0.5550992234375001 0.1147007609375 0.5148770781249999 0.014837629687500001 0.5060575609375 0 0.519014984375 0 0.627271084375
1 0.3569317328125 0.40259185156250005 0.1724021453125 0.348480421875 0.064051715625 0.3328940546875 0.0413770234375 0.3578513109375 0.030481470312499998 0.43245907656250004 0.0630658015625 0.45427354375 0.11666184843750001 0.47062855312499996 0.3232124328125 0.5145322359375 0.3559799265625 0.44209208593750005 0.34986677187500004 0.43582987656250005 0.3569317328125 0.40259185156250005
1 0.206063971875 0.2017880921875 0.1067054796875 0.19059443125 0.0859002921875 0.2184304703125 0.0788928046875 0.28642044218749996 0.143201240625 0.3224223046875 0.35823912343750003 0.3730928375 0.38379260312499996 0.34626607656249997 0.3933232875 0.26640538125 0.33512800781249996 0.23666572968750002 0.206063971875 0.2017880921875
1 0.6852856078125 0.293724159375 0.6684600671875 0.2678150984375 0.5926364937499999 0.239291253125 0.489688046875 0.2099646578125 0.41831465312500005 0.20720082187500002 0.40311797812499994 0.24367321406250003 0.39913833125 0.29741831875 0.42646973125 0.32059764999999996 0.4871882140625 0.33846658125 0.6438817609374999 0.371772821875 0.679941096875 0.34221633281249997 0.6852856078125 0.293724159375
1 0.6069622 0.3937022390625 0.42804112656250004 0.3482271625 0.3951586859375 0.3511634203125 0.370821015625 0.3956184734375 0.36885993125 0.439866996875 0.40518326875 0.46743903593749997 0.4711546796875 0.48394310156250003 0.6212304328125 0.513361278125 0.6589527453125 0.464306990625 0.6551562625 0.42379747500000003 0.6069622 0.3937022390625
1 0.396397859375 0.48542291249999997 0.35775785 0.49209818125 0.33659707656250004 0.5099330015625 0.32297179531250003 0.5740349078125 0.350303196875 0.597214240625 0.591456671875 0.6534358124999999 0.6217584375 0.62761833125 0.635085609375 0.588267153125 0.61143574375 0.53609344375 0.396397859375 0.48542291249999997
1 0.59052823125 0.8095672468749999 0.604360040625 0.7678419234375 0.6039469828125 0.7230887593750001 0.5766155828125 0.6999094265625 0.32005890312499996 0.6577836671874999 0.30278619375 0.6690006953125 0.2963749296875 0.6874892109374999 0.2836098734375 0.759218190625 0.29159253125 0.7683591843750001 0.3484229484375 0.7928459109375 0.5727508828125 0.82315841875 0.59052823125 0.8095672468749999
1 0.858565940625 0.9260942421875 0.87340703125 0.8796206296875001 0.856374959375 0.831334984375 0.81191990625 0.8069973171875 0.6252227015625 0.774757828125 0.6045665703124999 0.7902185046875 0.6059889078125 0.8302233796875 0.5559828140625 0.832001303125 0.558919071875 0.8648837421875 0.5701361015625 0.8821564515625001 0.5989814203125 0.89821335 0.8260390843750001 0.9390317203125 0.858565940625 0.9260942421875
1 0.8761475015625001 0.691616034375 0.836945378125 0.6659135015625 0.6512574546875001 0.6289257234375001 0.5875686078125 0.66005360625 0.5828777921875 0.6937962718749999 0.6125833359375 0.717480246875 0.6246605890625 0.7423800265625 0.82120995625 0.78663929375 0.8661121749999999 0.7738508734375 0.8867108343749999 0.72363825 0.8761475015625001 0.691616034375
1 0.8775805828125 0.53311045625 0.67729220625 0.48309362031249997 0.6567851296875 0.4861789328125 0.621081378125 0.525736640625 0.6422080421875 0.5897810734375 0.8672471453125 0.6400960203125 0.8999230562499999 0.61478318125 0.9095112171874999 0.5696744328125 0.9016776140625 0.548158075 0.8775805828125 0.53311045625
1 0.8641384671875001 0.50295774375 0.8893938328125 0.500881709375 0.9191909609375 0.4774383734375 0.928481009375 0.457080353125 0.9251891671875001 0.41419669375 0.9063450640624999 0.3977842109375 0.716562546875 0.34503764375 0.6860542515625 0.34847854375 0.6452466265625 0.3770257515625 0.6383307203124999 0.3978884140625 0.6599045515624999 0.42480675625000003 0.666728875 0.451071403125 0.76967731875 0.48039799843750003 0.8641384671875001 0.50295774375
1 0.7879125765625 0.23117028125 0.6914328703125 0.2181071140625 0.6643654734375 0.252056309375 0.6878088078125 0.2818534359375 0.69297015625 0.32761588124999996 0.8785090234374999 0.37697902031249997 0.912905384375 0.3669203296875 0.9435052625000001 0.316352121875 0.9273334171875 0.275693553125 0.7879125765625 0.23117028125