1 0.290865384375 0 0.26923076875 0.052884615625 0.271634615625 0.3076923078125 0.2884615390625 0.3197115390625 0.3197115390625 0.3197115390625 0.3293269234375 0.33173076875 0.39423076875 0.334134615625 0.40384615312500005 0.310096153125 0.40384615312500005 0.07211538437500001 0.39423076875 0.03125 0.3509615390625 0 0.290865384375 0
1 0.5793269234375 0.146634615625 0.5697115390625 0.0384615390625 0.528846153125 0.0240384609375 0.46875 0.03125 0.4519230765625 0.0793269234375 0.44951923125000004 0.125 0.44951923125000004 0.334134615625 0.4927884609375 0.353365384375 0.564903846875 0.341346153125 0.5793269234375 0.146634615625
1 0.71875 0.30048076875 0.728365384375 0.14423076875000002 0.7235576921875 0.0793269234375 0.7115384609375 0.05048076875 0.685096153125 0.040865384375 0.622596153125 0.0480769234375 0.60576923125 0.0793269234375 0.5985576921875 0.1490384609375 0.596153846875 0.341346153125 0.627403846875 0.35576923125 0.7043269234375 0.3485576921875 0.71875 0.30048076875
1 0.740384615625 0.63701923125 0.759615384375 0.6201923078125 0.7740384609375 0.51201923125 0.778846153125 0.427884615625 0.7668269234375 0.3605769234375 0.73076923125 0.353365384375 0.67548076875 0.3605769234375 0.658653846875 0.3918269234375 0.653846153125 0.4543269234375 0.6490384609375 0.60576923125 0.65625 0.6201923078125 0.689903846875 0.6418269234375 0.740384615625 0.63701923125
1 0.622596153125 0.60576923125 0.625 0.57451923125 0.6322115390625 0.40144230781249995 0.622596153125 0.3677884609375 0.564903846875 0.3509615390625 0.53125 0.3605769234375 0.51201923125 0.40144230781249995 0.509615384375 0.46875 0.51201923125 0.6201923078125 0.5673076921875 0.646634615625 0.60576923125 0.634615384375 0.622596153125 0.60576923125
1 0.4855769234375 0.622596153125 0.4927884609375 0.396634615625 0.478365384375 0.36298076875 0.4543269234375 0.34375 0.39423076875 0.34375 0.372596153125 0.384615384375 0.3701923078125 0.6177884609375 0.38701923125 0.63701923125 0.44230769218750005 0.6490384609375 0.4855769234375 0.622596153125
1 0.3052884609375 0.646634615625 0.322115384375 0.615384615625 0.310096153125 0.3581730765625 0.2956730765625 0.34375 0.2764423078125 0.341346153125 0.20432692343749997 0.34375 0.197115384375 0.353365384375 0.185096153125 0.4134615390625 0.20192307656250003 0.63701923125 0.21875 0.6514423078125 0.3052884609375 0.646634615625
1 0.25 0.9158653843750001 0.2668269234375 0.8653846156249999 0.259615384375 0.677884615625 0.247596153125 0.6634615390625 0.21875 0.658653846875 0.1875 0.622596153125 0.1610576921875 0.6298076921875 0.14423076875000002 0.646634615625 0.134615384375 0.6802884609375 0.1418269234375 0.90625 0.1634615390625 0.9375 0.216346153125 0.9375 0.25 0.9158653843750001
1 0.3918269234375 0.903846153125 0.40625 0.872596153125 0.40625 0.67548076875 0.3990384609375 0.653846153125 0.3605769234375 0.627403846875 0.32451923125 0.634615384375 0.290865384375 0.6706730765625 0.29326923125 0.88701923125 0.322115384375 0.91826923125 0.36298076875 0.9206730765625 0.3918269234375 0.903846153125
1 0.5360576921875 0.8990384609375001 0.5456730765625 0.872596153125 0.552884615625 0.66826923125 0.540865384375 0.646634615625 0.49759615312500005 0.622596153125 0.44230769218750005 0.65625 0.43990384687499995 0.8846153843750001 0.47115384687499995 0.9110576921875 0.5168269234375 0.9110576921875 0.5360576921875 0.8990384609375001
1 0.6634615390625 0.8990384609375001 0.6826923078125 0.872596153125 0.6947115390625 0.677884615625 0.685096153125 0.6490384609375 0.6490384609375 0.615384615625 0.6298076921875 0.61298076875 0.58173076875 0.6514423078125 0.57451923125 0.7427884609375 0.572115384375 0.8533653843750001 0.5793269234375 0.877403846875 0.6177884609375 0.903846153125 0.6634615390625 0.8990384609375001
1 0.7860576921875 0.88701923125 0.8028846156249999 0.872596153125 0.8076923078125 0.8509615390624999 0.8197115390624999 0.6923076921875 0.8125 0.627403846875 0.7668269234375 0.6081730765625 0.740384615625 0.6418269234375 0.70673076875 0.6490384609375 0.7043269234375 0.6802884609375 0.69951923125 0.8485576921875 0.73076923125 0.8822115390624999 0.7572115390625 0.8918269234375 0.7860576921875 0.88701923125