1 0.40384615312500005 0.310096153125 0.40625 0.1298076921875 0.39423076875 0.03125 0.35576923125 0.002403846875 0.290865384375 0 0.26923076875 0.052884615625 0.271634615625 0.3076923078125 0.3197115390625 0.3365384609375 0.39423076875 0.334134615625 0.40384615312500005 0.310096153125
1 0.564903846875 0.341346153125 0.5793269234375 0.1514423078125 0.572115384375 0.04326923125 0.54326923125 0.0264423078125 0.46875 0.03125 0.4543269234375 0.0673076921875 0.44951923125000004 0.12259615312500001 0.44951923125000004 0.33173076875 0.5264423078125 0.3485576921875 0.53125 0.341346153125 0.564903846875 0.341346153125
1 0.721153846875 0.2860576921875 0.728365384375 0.153846153125 0.71875 0.05528846093749999 0.6875 0.040865384375 0.6201923078125 0.0480769234375 0.5985576921875 0.11778846093749999 0.59375 0.3365384609375 0.625 0.35576923125 0.7043269234375 0.3485576921875 0.721153846875 0.2860576921875
1 0.759615384375 0.615384615625 0.771634615625 0.5360576921875 0.778846153125 0.4302884609375 0.7668269234375 0.3605769234375 0.728365384375 0.353365384375 0.67548076875 0.3605769234375 0.658653846875 0.3918269234375 0.653846153125 0.4543269234375 0.653846153125 0.61298076875 0.689903846875 0.6418269234375 0.73798076875 0.63701923125 0.759615384375 0.615384615625
1 0.625 0.58173076875 0.6322115390625 0.3990384609375 0.622596153125 0.3677884609375 0.57451923125 0.353365384375 0.53125 0.3605769234375 0.51201923125 0.40144230781249995 0.509615384375 0.46875 0.51201923125 0.6201923078125 0.5673076921875 0.646634615625 0.60576923125 0.634615384375 0.625 0.58173076875
1 0.48798076874999996 0.615384615625 0.4927884609375 0.396634615625 0.478365384375 0.3605769234375 0.45673076874999996 0.34375 0.3918269234375 0.34375 0.375 0.375 0.3701923078125 0.6201923078125 0.40144230781249995 0.64423076875 0.44230769218750005 0.6490384609375 0.48798076874999996 0.615384615625
1 0.26201923125 0.65625 0.3052884609375 0.646634615625 0.322115384375 0.615384615625 0.310096153125 0.3581730765625 0.2956730765625 0.34375 0.2764423078125 0.341346153125 0.20432692343749997 0.34375 0.197115384375 0.353365384375 0.185096153125 0.4134615390625 0.20192307656250003 0.63701923125 0.21875 0.6514423078125 0.26201923125 0.65625
1 0.252403846875 0.9134615390624999 0.2668269234375 0.8653846156249999 0.259615384375 0.677884615625 0.24038461562500002 0.6610576921875 0.20192307656250003 0.6706730765625 0.189903846875 0.622596153125 0.158653846875 0.6322115390625 0.14423076875000002 0.646634615625 0.134615384375 0.677884615625 0.1418269234375 0.90625 0.1610576921875 0.935096153125 0.20913461562500002 0.939903846875 0.252403846875 0.9134615390624999
1 0.3918269234375 0.903846153125 0.40865384687499995 0.8605769234375 0.40625 0.6730769234375 0.36298076875 0.6177884609375 0.3293269234375 0.6201923078125 0.3125 0.653846153125 0.290865384375 0.6706730765625 0.2884615390625 0.8701923078125 0.310096153125 0.9110576921875 0.36298076875 0.9206730765625 0.3918269234375 0.903846153125
1 0.5360576921875 0.8990384609375001 0.5456730765625 0.872596153125 0.552884615625 0.66826923125 0.5456730765625 0.6490384609375 0.5 0.622596153125 0.44230769218750005 0.65625 0.43990384687499995 0.8846153843750001 0.47115384687499995 0.9110576921875 0.5168269234375 0.9110576921875 0.5360576921875 0.8990384609375001
1 0.6298076921875 0.90625 0.6706730765625 0.89423076875 0.6826923078125 0.872596153125 0.6947115390625 0.677884615625 0.685096153125 0.6490384609375 0.6490384609375 0.615384615625 0.627403846875 0.61298076875 0.60576923125 0.6394230765625 0.58173076875 0.6514423078125 0.57451923125 0.7572115390625 0.572115384375 0.8533653843750001 0.5793269234375 0.877403846875 0.6081730765625 0.9014423078125 0.6298076921875 0.90625
1 0.8052884609375001 0.8677884609375001 0.8197115390624999 0.7235576921875 0.8125 0.627403846875 0.7740384609375 0.6081730765625 0.75 0.63701923125 0.70673076875 0.6514423078125 0.697115384375 0.841346153125 0.7139423078125 0.872596153125 0.76923076875 0.8918269234375 0.8052884609375001 0.8677884609375001